 0.0 -1.26640053e-01 0.0 -1.26640053e-01 0.0 -1.26640053e-01 0.0 -1.26640053e-01 0.0 -1.26640053e-01 0.0 -1.26640053e-01
 0.0 -8.15002311e-02 0.0 -8.15002311e-02 0.0 -8.15002311e-02 0.0 -8.15002311e-02 0.0 -8.15002311e-02 0.0 -8.15002311e-02
 0.0 -5.66911505e-02 0.0 -5.66911505e-02 0.0 -5.66911505e-02 0.0 -5.66911505e-02 0.0 -5.66911505e-02 0.0 -5.66911505e-02
 0.0 -4.26779109e-02 0.0 -4.26779109e-02 0.0 -4.26779109e-02 0.0 -4.26779109e-02 0.0 -4.26779109e-02 0.0 -4.26779109e-02
 0.0 -3.39947359e-02 0.0 -3.39947359e-02 0.0 -3.39947359e-02 0.0 -3.39947359e-02 0.0 -3.39947359e-02 0.0 -3.39947359e-02
 0.0 -2.81678618e-02 0.0 -2.81678618e-02 0.0 -2.81678618e-02 0.0 -2.81678618e-02 0.0 -2.81678618e-02 0.0 -2.81678618e-02
 0.0 -2.40129308e-02 0.0 -2.40129308e-02 0.0 -2.40129308e-02 0.0 -2.40129308e-02 0.0 -2.40129308e-02 0.0 -2.40129308e-02
 0.0 -2.09104644e-02 0.0 -2.09104644e-02 0.0 -2.09104644e-02 0.0 -2.09104644e-02 0.0 -2.09104644e-02 0.0 -2.09104644e-02
 0.0 -1.85097840e-02 0.0 -1.85097840e-02 0.0 -1.85097840e-02 0.0 -1.85097840e-02 0.0 -1.85097840e-02 0.0 -1.85097840e-02
 0.0 -1.65990037e-02 0.0 -1.65990037e-02 0.0 -1.65990037e-02 0.0 -1.65990037e-02 0.0 -1.65990037e-02 0.0 -1.65990037e-02
 0.0 -1.50431044e-02 0.0 -1.50431044e-02 0.0 -1.50431044e-02 0.0 -1.50431044e-02 0.0 -1.50431044e-02 0.0 -1.50431044e-02
 0.0 -1.37522040e-02 0.0 -1.37522040e-02 0.0 -1.37522040e-02 0.0 -1.37522040e-02 0.0 -1.37522040e-02 0.0 -1.37522040e-02
 0.0 -1.26642538e-02 0.0 -1.26642538e-02 0.0 -1.26642538e-02 0.0 -1.26642538e-02 0.0 -1.26642538e-02 0.0 -1.26642538e-02
 0.0 -1.17350878e-02 0.0 -1.17350878e-02 0.0 -1.17350878e-02 0.0 -1.17350878e-02 0.0 -1.17350878e-02 0.0 -1.17350878e-02
 0.0 -1.09324395e-02 0.0 -1.09324395e-02 0.0 -1.09324395e-02 0.0 -1.09324395e-02 0.0 -1.09324395e-02 0.0 -1.09324395e-02
 0.0 -1.02322010e-02 0.0 -1.02322010e-02 0.0 -1.02322010e-02 0.0 -1.02322010e-02 0.0 -1.02322010e-02 0.0 -1.02322010e-02
 0.0 -9.61600514e-03 0.0 -9.61600514e-03 0.0 -9.61600514e-03 0.0 -9.61600514e-03 0.0 -9.61600514e-03 0.0 -9.61600514e-03
 0.0 -9.06961780e-03 0.0 -9.06961780e-03 0.0 -9.06961780e-03 0.0 -9.06961780e-03 0.0 -9.06961780e-03 0.0 -9.06961780e-03
 0.0 -8.58183981e-03 0.0 -8.58183981e-03 0.0 -8.58183981e-03 0.0 -8.58183981e-03 0.0 -8.58183981e-03 0.0 -8.58183981e-03
 0.0 -8.14374083e-03 0.0 -8.14374083e-03 0.0 -8.14374083e-03 0.0 -8.14374083e-03 0.0 -8.14374083e-03 0.0 -8.14374083e-03
 0.0 -7.74811362e-03 0.0 -7.74811362e-03 0.0 -7.74811362e-03 0.0 -7.74811362e-03 0.0 -7.74811362e-03 0.0 -7.74811362e-03
 0.0 -7.38907831e-03 0.0 -7.38907831e-03 0.0 -7.38907831e-03 0.0 -7.38907831e-03 0.0 -7.38907831e-03 0.0 -7.38907831e-03
 0.0 -7.06179077e-03 0.0 -7.06179077e-03 0.0 -7.06179077e-03 0.0 -7.06179077e-03 0.0 -7.06179077e-03 0.0 -7.06179077e-03
 0.0 -6.76222452e-03 0.0 -6.76222452e-03 0.0 -6.76222452e-03 0.0 -6.76222452e-03 0.0 -6.76222452e-03 0.0 -6.76222452e-03
 0.0 -6.48700541e-03 0.0 -6.48700541e-03 0.0 -6.48700541e-03 0.0 -6.48700541e-03 0.0 -6.48700541e-03 0.0 -6.48700541e-03
 0.0 -6.23328485e-03 0.0 -6.23328485e-03 0.0 -6.23328485e-03 0.0 -6.23328485e-03 0.0 -6.23328485e-03 0.0 -6.23328485e-03
 0.0 -5.99864143e-03 0.0 -5.99864143e-03 0.0 -5.99864143e-03 0.0 -5.99864143e-03 0.0 -5.99864143e-03 0.0 -5.99864143e-03
 0.0 -5.78100382e-03 0.0 -5.78100382e-03 0.0 -5.78100382e-03 0.0 -5.78100382e-03 0.0 -5.78100382e-03 0.0 -5.78100382e-03
 0.0 -5.57858977e-03 0.0 -5.57858977e-03 0.0 -5.57858977e-03 0.0 -5.57858977e-03 0.0 -5.57858977e-03 0.0 -5.57858977e-03
 0.0 -5.38985746e-03 0.0 -5.38985746e-03 0.0 -5.38985746e-03 0.0 -5.38985746e-03 0.0 -5.38985746e-03 0.0 -5.38985746e-03
 0.0 -5.21346627e-03 0.0 -5.21346627e-03 0.0 -5.21346627e-03 0.0 -5.21346627e-03 0.0 -5.21346627e-03 0.0 -5.21346627e-03
 0.0 -5.04824505e-03 0.0 -5.04824505e-03 0.0 -5.04824505e-03 0.0 -5.04824505e-03 0.0 -5.04824505e-03 0.0 -5.04824505e-03
 0.0 -4.89316618e-03 0.0 -4.89316618e-03 0.0 -4.89316618e-03 0.0 -4.89316618e-03 0.0 -4.89316618e-03 0.0 -4.89316618e-03
 0.0 -4.74732424e-03 0.0 -4.74732424e-03 0.0 -4.74732424e-03 0.0 -4.74732424e-03 0.0 -4.74732424e-03 0.0 -4.74732424e-03
 0.0 -4.60991841e-03 0.0 -4.60991841e-03 0.0 -4.60991841e-03 0.0 -4.60991841e-03 0.0 -4.60991841e-03 0.0 -4.60991841e-03
 0.0 -4.48023777e-03 0.0 -4.48023777e-03 0.0 -4.48023777e-03 0.0 -4.48023777e-03 0.0 -4.48023777e-03 0.0 -4.48023777e-03
 0.0 -4.35764904e-03 0.0 -4.35764904e-03 0.0 -4.35764904e-03 0.0 -4.35764904e-03 0.0 -4.35764904e-03 0.0 -4.35764904e-03
 0.0 -4.24158630e-03 0.0 -4.24158630e-03 0.0 -4.24158630e-03 0.0 -4.24158630e-03 0.0 -4.24158630e-03 0.0 -4.24158630e-03
 0.0 -4.13154222e-03 0.0 -4.13154222e-03 0.0 -4.13154222e-03 0.0 -4.13154222e-03 0.0 -4.13154222e-03 0.0 -4.13154222e-03
 0.0 -4.02706073e-03 0.0 -4.02706073e-03 0.0 -4.02706073e-03 0.0 -4.02706073e-03 0.0 -4.02706073e-03 0.0 -4.02706073e-03
 0.0 -3.92773066e-03 0.0 -3.92773066e-03 0.0 -3.92773066e-03 0.0 -3.92773066e-03 0.0 -3.92773066e-03 0.0 -3.92773066e-03
 0.0 -3.83318037e-03 0.0 -3.83318037e-03 0.0 -3.83318037e-03 0.0 -3.83318037e-03 0.0 -3.83318037e-03 0.0 -3.83318037e-03
 0.0 -3.74307312e-03 0.0 -3.74307312e-03 0.0 -3.74307312e-03 0.0 -3.74307312e-03 0.0 -3.74307312e-03 0.0 -3.74307312e-03
 0.0 -3.65710307e-03 0.0 -3.65710307e-03 0.0 -3.65710307e-03 0.0 -3.65710307e-03 0.0 -3.65710307e-03 0.0 -3.65710307e-03
 0.0 -3.57499178e-03 0.0 -3.57499178e-03 0.0 -3.57499178e-03 0.0 -3.57499178e-03 0.0 -3.57499178e-03 0.0 -3.57499178e-03
 0.0 -3.49648527e-03 0.0 -3.49648527e-03 0.0 -3.49648527e-03 0.0 -3.49648527e-03 0.0 -3.49648527e-03 0.0 -3.49648527e-03
 0.0 -3.42135135e-03 0.0 -3.42135135e-03 0.0 -3.42135135e-03 0.0 -3.42135135e-03 0.0 -3.42135135e-03 0.0 -3.42135135e-03
 0.0 -3.34937734e-03 0.0 -3.34937734e-03 0.0 -3.34937734e-03 0.0 -3.34937734e-03 0.0 -3.34937734e-03 0.0 -3.34937734e-03
 0.0 -3.28036806e-03 0.0 -3.28036806e-03 0.0 -3.28036806e-03 0.0 -3.28036806e-03 0.0 -3.28036806e-03 0.0 -3.28036806e-03
 0.0 -3.21414410e-03 0.0 -3.21414410e-03 0.0 -3.21414410e-03 0.0 -3.21414410e-03 0.0 -3.21414410e-03 0.0 -3.21414410e-03
 0.0 -3.15054022e-03 0.0 -3.15054022e-03 0.0 -3.15054022e-03 0.0 -3.15054022e-03 0.0 -3.15054022e-03 0.0 -3.15054022e-03
 0.0 -3.08940398e-03 0.0 -3.08940398e-03 0.0 -3.08940398e-03 0.0 -3.08940398e-03 0.0 -3.08940398e-03 0.0 -3.08940398e-03
 0.0 -3.03059457e-03 0.0 -3.03059457e-03 0.0 -3.03059457e-03 0.0 -3.03059457e-03 0.0 -3.03059457e-03 0.0 -3.03059457e-03
 0.0 -2.97398165e-03 0.0 -2.97398165e-03 0.0 -2.97398165e-03 0.0 -2.97398165e-03 0.0 -2.97398165e-03 0.0 -2.97398165e-03
 0.0 -2.91944447e-03 0.0 -2.91944447e-03 0.0 -2.91944447e-03 0.0 -2.91944447e-03 0.0 -2.91944447e-03 0.0 -2.91944447e-03
 0.0 -2.86687095e-03 0.0 -2.86687095e-03 0.0 -2.86687095e-03 0.0 -2.86687095e-03 0.0 -2.86687095e-03 0.0 -2.86687095e-03
 0.0 -2.81615694e-03 0.0 -2.81615694e-03 0.0 -2.81615694e-03 0.0 -2.81615694e-03 0.0 -2.81615694e-03 0.0 -2.81615694e-03
 0.0 -2.76720551e-03 0.0 -2.76720551e-03 0.0 -2.76720551e-03 0.0 -2.76720551e-03 0.0 -2.76720551e-03 0.0 -2.76720551e-03
 0.0 -2.71992639e-03 0.0 -2.71992639e-03 0.0 -2.71992639e-03 0.0 -2.71992639e-03 0.0 -2.71992639e-03 0.0 -2.71992639e-03
 0.0 -2.67423531e-03 0.0 -2.67423531e-03 0.0 -2.67423531e-03 0.0 -2.67423531e-03 0.0 -2.67423531e-03 0.0 -2.67423531e-03
 0.0 -2.63005363e-03 0.0 -2.63005363e-03 0.0 -2.63005363e-03 0.0 -2.63005363e-03 0.0 -2.63005363e-03 0.0 -2.63005363e-03
 0.0 -2.58730777e-03 0.0 -2.58730777e-03 0.0 -2.58730777e-03 0.0 -2.58730777e-03 0.0 -2.58730777e-03 0.0 -2.58730777e-03
 0.0 -2.54592888e-03 0.0 -2.54592888e-03 0.0 -2.54592888e-03 0.0 -2.54592888e-03 0.0 -2.54592888e-03 0.0 -2.54592888e-03
 0.0 -2.50585243e-03 0.0 -2.50585243e-03 0.0 -2.50585243e-03 0.0 -2.50585243e-03 0.0 -2.50585243e-03 0.0 -2.50585243e-03
 0.0 -2.46701789e-03 0.0 -2.46701789e-03 0.0 -2.46701789e-03 0.0 -2.46701789e-03 0.0 -2.46701789e-03 0.0 -2.46701789e-03
 0.0 -2.42936842e-03 0.0 -2.42936842e-03 0.0 -2.42936842e-03 0.0 -2.42936842e-03 0.0 -2.42936842e-03 0.0 -2.42936842e-03
 0.0 -2.39285062e-03 0.0 -2.39285062e-03 0.0 -2.39285062e-03 0.0 -2.39285062e-03 0.0 -2.39285062e-03 0.0 -2.39285062e-03
 0.0 -2.35741421e-03 0.0 -2.35741421e-03 0.0 -2.35741421e-03 0.0 -2.35741421e-03 0.0 -2.35741421e-03 0.0 -2.35741421e-03
 0.0 -2.32301187e-03 0.0 -2.32301187e-03 0.0 -2.32301187e-03 0.0 -2.32301187e-03 0.0 -2.32301187e-03 0.0 -2.32301187e-03
 0.0 -2.28959901e-03 0.0 -2.28959901e-03 0.0 -2.28959901e-03 0.0 -2.28959901e-03 0.0 -2.28959901e-03 0.0 -2.28959901e-03
 0.0 -2.25713353e-03 0.0 -2.25713353e-03 0.0 -2.25713353e-03 0.0 -2.25713353e-03 0.0 -2.25713353e-03 0.0 -2.25713353e-03
 0.0 -2.22557573e-03 0.0 -2.22557573e-03 0.0 -2.22557573e-03 0.0 -2.22557573e-03 0.0 -2.22557573e-03 0.0 -2.22557573e-03
 0.0 -2.19488806e-03 0.0 -2.19488806e-03 0.0 -2.19488806e-03 0.0 -2.19488806e-03 0.0 -2.19488806e-03 0.0 -2.19488806e-03
 0.0 -2.16503503e-03 0.0 -2.16503503e-03 0.0 -2.16503503e-03 0.0 -2.16503503e-03 0.0 -2.16503503e-03 0.0 -2.16503503e-03
 0.0 -2.13598306e-03 0.0 -2.13598306e-03 0.0 -2.13598306e-03 0.0 -2.13598306e-03 0.0 -2.13598306e-03 0.0 -2.13598306e-03
 0.0 -2.10770033e-03 0.0 -2.10770033e-03 0.0 -2.10770033e-03 0.0 -2.10770033e-03 0.0 -2.10770033e-03 0.0 -2.10770033e-03
 0.0 -2.08015669e-03 0.0 -2.08015669e-03 0.0 -2.08015669e-03 0.0 -2.08015669e-03 0.0 -2.08015669e-03 0.0 -2.08015669e-03
 0.0 -2.05332355e-03 0.0 -2.05332355e-03 0.0 -2.05332355e-03 0.0 -2.05332355e-03 0.0 -2.05332355e-03 0.0 -2.05332355e-03
 0.0 -2.02717377e-03 0.0 -2.02717377e-03 0.0 -2.02717377e-03 0.0 -2.02717377e-03 0.0 -2.02717377e-03 0.0 -2.02717377e-03
 0.0 -2.00168159e-03 0.0 -2.00168159e-03 0.0 -2.00168159e-03 0.0 -2.00168159e-03 0.0 -2.00168159e-03 0.0 -2.00168159e-03
 0.0 -1.97682250e-03 0.0 -1.97682250e-03 0.0 -1.97682250e-03 0.0 -1.97682250e-03 0.0 -1.97682250e-03 0.0 -1.97682250e-03
 0.0 -1.95257321e-03 0.0 -1.95257321e-03 0.0 -1.95257321e-03 0.0 -1.95257321e-03 0.0 -1.95257321e-03 0.0 -1.95257321e-03
 0.0 -1.92891156e-03 0.0 -1.92891156e-03 0.0 -1.92891156e-03 0.0 -1.92891156e-03 0.0 -1.92891156e-03 0.0 -1.92891156e-03
 0.0 -1.90581645e-03 0.0 -1.90581645e-03 0.0 -1.90581645e-03 0.0 -1.90581645e-03 0.0 -1.90581645e-03 0.0 -1.90581645e-03
 0.0 -1.88326777e-03 0.0 -1.88326777e-03 0.0 -1.88326777e-03 0.0 -1.88326777e-03 0.0 -1.88326777e-03 0.0 -1.88326777e-03
 0.0 -1.86124637e-03 0.0 -1.86124637e-03 0.0 -1.86124637e-03 0.0 -1.86124637e-03 0.0 -1.86124637e-03 0.0 -1.86124637e-03
 0.0 -1.83973395e-03 0.0 -1.83973395e-03 0.0 -1.83973395e-03 0.0 -1.83973395e-03 0.0 -1.83973395e-03 0.0 -1.83973395e-03
 0.0 -1.81871308e-03 0.0 -1.81871308e-03 0.0 -1.81871308e-03 0.0 -1.81871308e-03 0.0 -1.81871308e-03 0.0 -1.81871308e-03
 0.0 -1.79816711e-03 0.0 -1.79816711e-03 0.0 -1.79816711e-03 0.0 -1.79816711e-03 0.0 -1.79816711e-03 0.0 -1.79816711e-03
 0.0 -1.77808011e-03 0.0 -1.77808011e-03 0.0 -1.77808011e-03 0.0 -1.77808011e-03 0.0 -1.77808011e-03 0.0 -1.77808011e-03
 0.0 -1.75843689e-03 0.0 -1.75843689e-03 0.0 -1.75843689e-03 0.0 -1.75843689e-03 0.0 -1.75843689e-03 0.0 -1.75843689e-03
 0.0 -1.73922290e-03 0.0 -1.73922290e-03 0.0 -1.73922290e-03 0.0 -1.73922290e-03 0.0 -1.73922290e-03 0.0 -1.73922290e-03
 0.0 -1.72042422e-03 0.0 -1.72042422e-03 0.0 -1.72042422e-03 0.0 -1.72042422e-03 0.0 -1.72042422e-03 0.0 -1.72042422e-03
 0.0 -1.70202753e-03 0.0 -1.70202753e-03 0.0 -1.70202753e-03 0.0 -1.70202753e-03 0.0 -1.70202753e-03 0.0 -1.70202753e-03
 0.0 -1.68402008e-03 0.0 -1.68402008e-03 0.0 -1.68402008e-03 0.0 -1.68402008e-03 0.0 -1.68402008e-03 0.0 -1.68402008e-03
 0.0 -1.66638965e-03 0.0 -1.66638965e-03 0.0 -1.66638965e-03 0.0 -1.66638965e-03 0.0 -1.66638965e-03 0.0 -1.66638965e-03
 0.0 -1.64912451e-03 0.0 -1.64912451e-03 0.0 -1.64912451e-03 0.0 -1.64912451e-03 0.0 -1.64912451e-03 0.0 -1.64912451e-03
 0.0 -1.63221343e-03 0.0 -1.63221343e-03 0.0 -1.63221343e-03 0.0 -1.63221343e-03 0.0 -1.63221343e-03 0.0 -1.63221343e-03
 0.0 -1.61564563e-03 0.0 -1.61564563e-03 0.0 -1.61564563e-03 0.0 -1.61564563e-03 0.0 -1.61564563e-03 0.0 -1.61564563e-03
 0.0 -1.59941077e-03 0.0 -1.59941077e-03 0.0 -1.59941077e-03 0.0 -1.59941077e-03 0.0 -1.59941077e-03 0.0 -1.59941077e-03
 0.0 -1.58349891e-03 0.0 -1.58349891e-03 0.0 -1.58349891e-03 0.0 -1.58349891e-03 0.0 -1.58349891e-03 0.0 -1.58349891e-03
 0.0 -1.56790050e-03 0.0 -1.56790050e-03 0.0 -1.56790050e-03 0.0 -1.56790050e-03 0.0 -1.56790050e-03 0.0 -1.56790050e-03
 0.0 -1.55260638e-03 0.0 -1.55260638e-03 0.0 -1.55260638e-03 0.0 -1.55260638e-03 0.0 -1.55260638e-03 0.0 -1.55260638e-03
 0.0 -1.53760773e-03 0.0 -1.53760773e-03 0.0 -1.53760773e-03 0.0 -1.53760773e-03 0.0 -1.53760773e-03 0.0 -1.53760773e-03
 0.0 -1.52289607e-03 0.0 -1.52289607e-03 0.0 -1.52289607e-03 0.0 -1.52289607e-03 0.0 -1.52289607e-03 0.0 -1.52289607e-03
 0.0 -1.50846323e-03 0.0 -1.50846323e-03 0.0 -1.50846323e-03 0.0 -1.50846323e-03 0.0 -1.50846323e-03 0.0 -1.50846323e-03
 0.0 -1.49430138e-03 0.0 -1.49430138e-03 0.0 -1.49430138e-03 0.0 -1.49430138e-03 0.0 -1.49430138e-03 0.0 -1.49430138e-03
 0.0 -1.48040294e-03 0.0 -1.48040294e-03 0.0 -1.48040294e-03 0.0 -1.48040294e-03 0.0 -1.48040294e-03 0.0 -1.48040294e-03
 0.0 -1.46676064e-03 0.0 -1.46676064e-03 0.0 -1.46676064e-03 0.0 -1.46676064e-03 0.0 -1.46676064e-03 0.0 -1.46676064e-03
 0.0 -1.45336746e-03 0.0 -1.45336746e-03 0.0 -1.45336746e-03 0.0 -1.45336746e-03 0.0 -1.45336746e-03 0.0 -1.45336746e-03
 0.0 -1.44021664e-03 0.0 -1.44021664e-03 0.0 -1.44021664e-03 0.0 -1.44021664e-03 0.0 -1.44021664e-03 0.0 -1.44021664e-03
 0.0 -1.42730166e-03 0.0 -1.42730166e-03 0.0 -1.42730166e-03 0.0 -1.42730166e-03 0.0 -1.42730166e-03 0.0 -1.42730166e-03
 0.0 -1.41461624e-03 0.0 -1.41461624e-03 0.0 -1.41461624e-03 0.0 -1.41461624e-03 0.0 -1.41461624e-03 0.0 -1.41461624e-03
 0.0 -1.40215430e-03 0.0 -1.40215430e-03 0.0 -1.40215430e-03 0.0 -1.40215430e-03 0.0 -1.40215430e-03 0.0 -1.40215430e-03
 0.0 -1.38990999e-03 0.0 -1.38990999e-03 0.0 -1.38990999e-03 0.0 -1.38990999e-03 0.0 -1.38990999e-03 0.0 -1.38990999e-03
 0.0 -1.37787767e-03 0.0 -1.37787767e-03 0.0 -1.37787767e-03 0.0 -1.37787767e-03 0.0 -1.37787767e-03 0.0 -1.37787767e-03
 0.0 -1.36605187e-03 0.0 -1.36605187e-03 0.0 -1.36605187e-03 0.0 -1.36605187e-03 0.0 -1.36605187e-03 0.0 -1.36605187e-03
 0.0 -1.35442733e-03 0.0 -1.35442733e-03 0.0 -1.35442733e-03 0.0 -1.35442733e-03 0.0 -1.35442733e-03 0.0 -1.35442733e-03
 0.0 -1.34299894e-03 0.0 -1.34299894e-03 0.0 -1.34299894e-03 0.0 -1.34299894e-03 0.0 -1.34299894e-03 0.0 -1.34299894e-03
 0.0 -1.33176179e-03 0.0 -1.33176179e-03 0.0 -1.33176179e-03 0.0 -1.33176179e-03 0.0 -1.33176179e-03 0.0 -1.33176179e-03
 0.0 -1.32071111e-03 0.0 -1.32071111e-03 0.0 -1.32071111e-03 0.0 -1.32071111e-03 0.0 -1.32071111e-03 0.0 -1.32071111e-03
 0.0 -1.30984231e-03 0.0 -1.30984231e-03 0.0 -1.30984231e-03 0.0 -1.30984231e-03 0.0 -1.30984231e-03 0.0 -1.30984231e-03
 0.0 -1.29915093e-03 0.0 -1.29915093e-03 0.0 -1.29915093e-03 0.0 -1.29915093e-03 0.0 -1.29915093e-03 0.0 -1.29915093e-03
 0.0 -1.28863266e-03 0.0 -1.28863266e-03 0.0 -1.28863266e-03 0.0 -1.28863266e-03 0.0 -1.28863266e-03 0.0 -1.28863266e-03
 0.0 -1.27828333e-03 0.0 -1.27828333e-03 0.0 -1.27828333e-03 0.0 -1.27828333e-03 0.0 -1.27828333e-03 0.0 -1.27828333e-03
 0.0 -1.26809890e-03 0.0 -1.26809890e-03 0.0 -1.26809890e-03 0.0 -1.26809890e-03 0.0 -1.26809890e-03 0.0 -1.26809890e-03
 0.0 -1.25807546e-03 0.0 -1.25807546e-03 0.0 -1.25807546e-03 0.0 -1.25807546e-03 0.0 -1.25807546e-03 0.0 -1.25807546e-03
 0.0 -1.24820923e-03 0.0 -1.24820923e-03 0.0 -1.24820923e-03 0.0 -1.24820923e-03 0.0 -1.24820923e-03 0.0 -1.24820923e-03
 0.0 -1.23849654e-03 0.0 -1.23849654e-03 0.0 -1.23849654e-03 0.0 -1.23849654e-03 0.0 -1.23849654e-03 0.0 -1.23849654e-03
 0.0 -1.22893383e-03 0.0 -1.22893383e-03 0.0 -1.22893383e-03 0.0 -1.22893383e-03 0.0 -1.22893383e-03 0.0 -1.22893383e-03
 0.0 -1.21951765e-03 0.0 -1.21951765e-03 0.0 -1.21951765e-03 0.0 -1.21951765e-03 0.0 -1.21951765e-03 0.0 -1.21951765e-03
 0.0 -1.21024466e-03 0.0 -1.21024466e-03 0.0 -1.21024466e-03 0.0 -1.21024466e-03 0.0 -1.21024466e-03 0.0 -1.21024466e-03
 0.0 -1.20111162e-03 0.0 -1.20111162e-03 0.0 -1.20111162e-03 0.0 -1.20111162e-03 0.0 -1.20111162e-03 0.0 -1.20111162e-03
 0.0 -1.19211538e-03 0.0 -1.19211538e-03 0.0 -1.19211538e-03 0.0 -1.19211538e-03 0.0 -1.19211538e-03 0.0 -1.19211538e-03
 0.0 -1.18325290e-03 0.0 -1.18325290e-03 0.0 -1.18325290e-03 0.0 -1.18325290e-03 0.0 -1.18325290e-03 0.0 -1.18325290e-03
 0.0 -1.17452121e-03 0.0 -1.17452121e-03 0.0 -1.17452121e-03 0.0 -1.17452121e-03 0.0 -1.17452121e-03 0.0 -1.17452121e-03
 0.0 -1.16591745e-03 0.0 -1.16591745e-03 0.0 -1.16591745e-03 0.0 -1.16591745e-03 0.0 -1.16591745e-03 0.0 -1.16591745e-03
 0.0 -1.15743881e-03 0.0 -1.15743881e-03 0.0 -1.15743881e-03 0.0 -1.15743881e-03 0.0 -1.15743881e-03 0.0 -1.15743881e-03
 0.0 -1.14908259e-03 0.0 -1.14908259e-03 0.0 -1.14908259e-03 0.0 -1.14908259e-03 0.0 -1.14908259e-03 0.0 -1.14908259e-03
 0.0 -1.14084615e-03 0.0 -1.14084615e-03 0.0 -1.14084615e-03 0.0 -1.14084615e-03 0.0 -1.14084615e-03 0.0 -1.14084615e-03
 0.0 -1.13272695e-03 0.0 -1.13272695e-03 0.0 -1.13272695e-03 0.0 -1.13272695e-03 0.0 -1.13272695e-03 0.0 -1.13272695e-03
 0.0 -1.12472249e-03 0.0 -1.12472249e-03 0.0 -1.12472249e-03 0.0 -1.12472249e-03 0.0 -1.12472249e-03 0.0 -1.12472249e-03
 0.0 -1.11683036e-03 0.0 -1.11683036e-03 0.0 -1.11683036e-03 0.0 -1.11683036e-03 0.0 -1.11683036e-03 0.0 -1.11683036e-03
 0.0 -1.10904821e-03 0.0 -1.10904821e-03 0.0 -1.10904821e-03 0.0 -1.10904821e-03 0.0 -1.10904821e-03 0.0 -1.10904821e-03
 0.0 -1.10137376e-03 0.0 -1.10137376e-03 0.0 -1.10137376e-03 0.0 -1.10137376e-03 0.0 -1.10137376e-03 0.0 -1.10137376e-03
 0.0 -1.09380478e-03 0.0 -1.09380478e-03 0.0 -1.09380478e-03 0.0 -1.09380478e-03 0.0 -1.09380478e-03 0.0 -1.09380478e-03
 0.0 -1.08633913e-03 0.0 -1.08633913e-03 0.0 -1.08633913e-03 0.0 -1.08633913e-03 0.0 -1.08633913e-03 0.0 -1.08633913e-03
 0.0 -1.07897469e-03 0.0 -1.07897469e-03 0.0 -1.07897469e-03 0.0 -1.07897469e-03 0.0 -1.07897469e-03 0.0 -1.07897469e-03
 0.0 -1.07170943e-03 0.0 -1.07170943e-03 0.0 -1.07170943e-03 0.0 -1.07170943e-03 0.0 -1.07170943e-03 0.0 -1.07170943e-03
 0.0 -1.06454134e-03 0.0 -1.06454134e-03 0.0 -1.06454134e-03 0.0 -1.06454134e-03 0.0 -1.06454134e-03 0.0 -1.06454134e-03
 0.0 -1.05746851e-03 0.0 -1.05746851e-03 0.0 -1.05746851e-03 0.0 -1.05746851e-03 0.0 -1.05746851e-03 0.0 -1.05746851e-03
 0.0 -1.05048903e-03 0.0 -1.05048903e-03 0.0 -1.05048903e-03 0.0 -1.05048903e-03 0.0 -1.05048903e-03 0.0 -1.05048903e-03
 0.0 -1.04360108e-03 0.0 -1.04360108e-03 0.0 -1.04360108e-03 0.0 -1.04360108e-03 0.0 -1.04360108e-03 0.0 -1.04360108e-03
 0.0 -1.03680287e-03 0.0 -1.03680287e-03 0.0 -1.03680287e-03 0.0 -1.03680287e-03 0.0 -1.03680287e-03 0.0 -1.03680287e-03
 0.0 -1.03009265e-03 0.0 -1.03009265e-03 0.0 -1.03009265e-03 0.0 -1.03009265e-03 0.0 -1.03009265e-03 0.0 -1.03009265e-03
 0.0 -1.02346872e-03 0.0 -1.02346872e-03 0.0 -1.02346872e-03 0.0 -1.02346872e-03 0.0 -1.02346872e-03 0.0 -1.02346872e-03
 0.0 -1.01692944e-03 0.0 -1.01692944e-03 0.0 -1.01692944e-03 0.0 -1.01692944e-03 0.0 -1.01692944e-03 0.0 -1.01692944e-03
 0.0 -1.01047318e-03 0.0 -1.01047318e-03 0.0 -1.01047318e-03 0.0 -1.01047318e-03 0.0 -1.01047318e-03 0.0 -1.01047318e-03
 0.0 -1.00409839e-03 0.0 -1.00409839e-03 0.0 -1.00409839e-03 0.0 -1.00409839e-03 0.0 -1.00409839e-03 0.0 -1.00409839e-03
 0.0 -9.97803518e-04 0.0 -9.97803518e-04 0.0 -9.97803518e-04 0.0 -9.97803518e-04 0.0 -9.97803518e-04 0.0 -9.97803518e-04
 0.0 -9.91587083e-04 0.0 -9.91587083e-04 0.0 -9.91587083e-04 0.0 -9.91587083e-04 0.0 -9.91587083e-04 0.0 -9.91587083e-04
 0.0 -9.85447623e-04 0.0 -9.85447623e-04 0.0 -9.85447623e-04 0.0 -9.85447623e-04 0.0 -9.85447623e-04 0.0 -9.85447623e-04
 0.0 -9.79383719e-04 0.0 -9.79383719e-04 0.0 -9.79383719e-04 0.0 -9.79383719e-04 0.0 -9.79383719e-04 0.0 -9.79383719e-04
 0.0 -9.73393984e-04 0.0 -9.73393984e-04 0.0 -9.73393984e-04 0.0 -9.73393984e-04 0.0 -9.73393984e-04 0.0 -9.73393984e-04
 0.0 -9.67477066e-04 0.0 -9.67477066e-04 0.0 -9.67477066e-04 0.0 -9.67477066e-04 0.0 -9.67477066e-04 0.0 -9.67477066e-04
 0.0 -9.61631645e-04 0.0 -9.61631645e-04 0.0 -9.61631645e-04 0.0 -9.61631645e-04 0.0 -9.61631645e-04 0.0 -9.61631645e-04
 0.0 -9.55856432e-04 0.0 -9.55856432e-04 0.0 -9.55856432e-04 0.0 -9.55856432e-04 0.0 -9.55856432e-04 0.0 -9.55856432e-04
 0.0 -9.50150171e-04 0.0 -9.50150171e-04 0.0 -9.50150171e-04 0.0 -9.50150171e-04 0.0 -9.50150171e-04 0.0 -9.50150171e-04
 0.0 -9.44511634e-04 0.0 -9.44511634e-04 0.0 -9.44511634e-04 0.0 -9.44511634e-04 0.0 -9.44511634e-04 0.0 -9.44511634e-04
 0.0 -9.38939622e-04 0.0 -9.38939622e-04 0.0 -9.38939622e-04 0.0 -9.38939622e-04 0.0 -9.38939622e-04 0.0 -9.38939622e-04
 0.0 -9.33432966e-04 0.0 -9.33432966e-04 0.0 -9.33432966e-04 0.0 -9.33432966e-04 0.0 -9.33432966e-04 0.0 -9.33432966e-04
 0.0 -9.27990521e-04 0.0 -9.27990521e-04 0.0 -9.27990521e-04 0.0 -9.27990521e-04 0.0 -9.27990521e-04 0.0 -9.27990521e-04
 0.0 -9.22611172e-04 0.0 -9.22611172e-04 0.0 -9.22611172e-04 0.0 -9.22611172e-04 0.0 -9.22611172e-04 0.0 -9.22611172e-04
 0.0 -9.17293828e-04 0.0 -9.17293828e-04 0.0 -9.17293828e-04 0.0 -9.17293828e-04 0.0 -9.17293828e-04 0.0 -9.17293828e-04
 0.0 -9.12037422e-04 0.0 -9.12037422e-04 0.0 -9.12037422e-04 0.0 -9.12037422e-04 0.0 -9.12037422e-04 0.0 -9.12037422e-04
 0.0 -9.06840913e-04 0.0 -9.06840913e-04 0.0 -9.06840913e-04 0.0 -9.06840913e-04 0.0 -9.06840913e-04 0.0 -9.06840913e-04
 0.0 -9.01703284e-04 0.0 -9.01703284e-04 0.0 -9.01703284e-04 0.0 -9.01703284e-04 0.0 -9.01703284e-04 0.0 -9.01703284e-04
 0.0 -8.96623538e-04 0.0 -8.96623538e-04 0.0 -8.96623538e-04 0.0 -8.96623538e-04 0.0 -8.96623538e-04 0.0 -8.96623538e-04
 0.0 -8.91600704e-04 0.0 -8.91600704e-04 0.0 -8.91600704e-04 0.0 -8.91600704e-04 0.0 -8.91600704e-04 0.0 -8.91600704e-04
 0.0 -8.86633831e-04 0.0 -8.86633831e-04 0.0 -8.86633831e-04 0.0 -8.86633831e-04 0.0 -8.86633831e-04 0.0 -8.86633831e-04
 0.0 -8.81721987e-04 0.0 -8.81721987e-04 0.0 -8.81721987e-04 0.0 -8.81721987e-04 0.0 -8.81721987e-04 0.0 -8.81721987e-04
 0.0 -8.76864264e-04 0.0 -8.76864264e-04 0.0 -8.76864264e-04 0.0 -8.76864264e-04 0.0 -8.76864264e-04 0.0 -8.76864264e-04
 0.0 -8.72059773e-04 0.0 -8.72059773e-04 0.0 -8.72059773e-04 0.0 -8.72059773e-04 0.0 -8.72059773e-04 0.0 -8.72059773e-04
 0.0 -8.67307643e-04 0.0 -8.67307643e-04 0.0 -8.67307643e-04 0.0 -8.67307643e-04 0.0 -8.67307643e-04 0.0 -8.67307643e-04
 0.0 -8.62607022e-04 0.0 -8.62607022e-04 0.0 -8.62607022e-04 0.0 -8.62607022e-04 0.0 -8.62607022e-04 0.0 -8.62607022e-04
 0.0 -8.57957078e-04 0.0 -8.57957078e-04 0.0 -8.57957078e-04 0.0 -8.57957078e-04 0.0 -8.57957078e-04 0.0 -8.57957078e-04
 0.0 -8.53356996e-04 0.0 -8.53356996e-04 0.0 -8.53356996e-04 0.0 -8.53356996e-04 0.0 -8.53356996e-04 0.0 -8.53356996e-04
 0.0 -8.48805978e-04 0.0 -8.48805978e-04 0.0 -8.48805978e-04 0.0 -8.48805978e-04 0.0 -8.48805978e-04 0.0 -8.48805978e-04
 0.0 -8.44303243e-04 0.0 -8.44303243e-04 0.0 -8.44303243e-04 0.0 -8.44303243e-04 0.0 -8.44303243e-04 0.0 -8.44303243e-04
 0.0 -8.39848027e-04 0.0 -8.39848027e-04 0.0 -8.39848027e-04 0.0 -8.39848027e-04 0.0 -8.39848027e-04 0.0 -8.39848027e-04
 0.0 -8.35439582e-04 0.0 -8.35439582e-04 0.0 -8.35439582e-04 0.0 -8.35439582e-04 0.0 -8.35439582e-04 0.0 -8.35439582e-04
 0.0 -8.31077174e-04 0.0 -8.31077174e-04 0.0 -8.31077174e-04 0.0 -8.31077174e-04 0.0 -8.31077174e-04 0.0 -8.31077174e-04
 0.0 -8.26760087e-04 0.0 -8.26760087e-04 0.0 -8.26760087e-04 0.0 -8.26760087e-04 0.0 -8.26760087e-04 0.0 -8.26760087e-04
 0.0 -8.22487619e-04 0.0 -8.22487619e-04 0.0 -8.22487619e-04 0.0 -8.22487619e-04 0.0 -8.22487619e-04 0.0 -8.22487619e-04
 0.0 -8.18259080e-04 0.0 -8.18259080e-04 0.0 -8.18259080e-04 0.0 -8.18259080e-04 0.0 -8.18259080e-04 0.0 -8.18259080e-04
 0.0 -8.14073797e-04 0.0 -8.14073797e-04 0.0 -8.14073797e-04 0.0 -8.14073797e-04 0.0 -8.14073797e-04 0.0 -8.14073797e-04
 0.0 -8.09931109e-04 0.0 -8.09931109e-04 0.0 -8.09931109e-04 0.0 -8.09931109e-04 0.0 -8.09931109e-04 0.0 -8.09931109e-04
 0.0 -8.05830370e-04 0.0 -8.05830370e-04 0.0 -8.05830370e-04 0.0 -8.05830370e-04 0.0 -8.05830370e-04 0.0 -8.05830370e-04
 0.0 -8.01770946e-04 0.0 -8.01770946e-04 0.0 -8.01770946e-04 0.0 -8.01770946e-04 0.0 -8.01770946e-04 0.0 -8.01770946e-04
 0.0 -7.97752215e-04 0.0 -7.97752215e-04 0.0 -7.97752215e-04 0.0 -7.97752215e-04 0.0 -7.97752215e-04 0.0 -7.97752215e-04
 0.0 -7.93773568e-04 0.0 -7.93773568e-04 0.0 -7.93773568e-04 0.0 -7.93773568e-04 0.0 -7.93773568e-04 0.0 -7.93773568e-04
 0.0 -7.89834409e-04 0.0 -7.89834409e-04 0.0 -7.89834409e-04 0.0 -7.89834409e-04 0.0 -7.89834409e-04 0.0 -7.89834409e-04
 0.0 -7.85934154e-04 0.0 -7.85934154e-04 0.0 -7.85934154e-04 0.0 -7.85934154e-04 0.0 -7.85934154e-04 0.0 -7.85934154e-04
 0.0 -7.82072227e-04 0.0 -7.82072227e-04 0.0 -7.82072227e-04 0.0 -7.82072227e-04 0.0 -7.82072227e-04 0.0 -7.82072227e-04
 0.0 -7.78248068e-04 0.0 -7.78248068e-04 0.0 -7.78248068e-04 0.0 -7.78248068e-04 0.0 -7.78248068e-04 0.0 -7.78248068e-04
 0.0 -7.74461125e-04 0.0 -7.74461125e-04 0.0 -7.74461125e-04 0.0 -7.74461125e-04 0.0 -7.74461125e-04 0.0 -7.74461125e-04
 0.0 -7.70710856e-04 0.0 -7.70710856e-04 0.0 -7.70710856e-04 0.0 -7.70710856e-04 0.0 -7.70710856e-04 0.0 -7.70710856e-04
 0.0 -7.66996733e-04 0.0 -7.66996733e-04 0.0 -7.66996733e-04 0.0 -7.66996733e-04 0.0 -7.66996733e-04 0.0 -7.66996733e-04
 0.0 -7.63318235e-04 0.0 -7.63318235e-04 0.0 -7.63318235e-04 0.0 -7.63318235e-04 0.0 -7.63318235e-04 0.0 -7.63318235e-04
 0.0 -7.59674852e-04 0.0 -7.59674852e-04 0.0 -7.59674852e-04 0.0 -7.59674852e-04 0.0 -7.59674852e-04 0.0 -7.59674852e-04
 0.0 -7.56066083e-04 0.0 -7.56066083e-04 0.0 -7.56066083e-04 0.0 -7.56066083e-04 0.0 -7.56066083e-04 0.0 -7.56066083e-04
 0.0 -7.52491438e-04 0.0 -7.52491438e-04 0.0 -7.52491438e-04 0.0 -7.52491438e-04 0.0 -7.52491438e-04 0.0 -7.52491438e-04
 0.0 -7.48950434e-04 0.0 -7.48950434e-04 0.0 -7.48950434e-04 0.0 -7.48950434e-04 0.0 -7.48950434e-04 0.0 -7.48950434e-04
 0.0 -7.45442600e-04 0.0 -7.45442600e-04 0.0 -7.45442600e-04 0.0 -7.45442600e-04 0.0 -7.45442600e-04 0.0 -7.45442600e-04
 0.0 -7.41967471e-04 0.0 -7.41967471e-04 0.0 -7.41967471e-04 0.0 -7.41967471e-04 0.0 -7.41967471e-04 0.0 -7.41967471e-04
 0.0 -7.38524592e-04 0.0 -7.38524592e-04 0.0 -7.38524592e-04 0.0 -7.38524592e-04 0.0 -7.38524592e-04 0.0 -7.38524592e-04
 0.0 -7.35113516e-04 0.0 -7.35113516e-04 0.0 -7.35113516e-04 0.0 -7.35113516e-04 0.0 -7.35113516e-04 0.0 -7.35113516e-04
 0.0 -7.31733805e-04 0.0 -7.31733805e-04 0.0 -7.31733805e-04 0.0 -7.31733805e-04 0.0 -7.31733805e-04 0.0 -7.31733805e-04
 0.0 -7.28385027e-04 0.0 -7.28385027e-04 0.0 -7.28385027e-04 0.0 -7.28385027e-04 0.0 -7.28385027e-04 0.0 -7.28385027e-04
 0.0 -7.25066761e-04 0.0 -7.25066761e-04 0.0 -7.25066761e-04 0.0 -7.25066761e-04 0.0 -7.25066761e-04 0.0 -7.25066761e-04
 0.0 -7.21778591e-04 0.0 -7.21778591e-04 0.0 -7.21778591e-04 0.0 -7.21778591e-04 0.0 -7.21778591e-04 0.0 -7.21778591e-04
 0.0 -7.18520109e-04 0.0 -7.18520109e-04 0.0 -7.18520109e-04 0.0 -7.18520109e-04 0.0 -7.18520109e-04 0.0 -7.18520109e-04
 0.0 -7.15290916e-04 0.0 -7.15290916e-04 0.0 -7.15290916e-04 0.0 -7.15290916e-04 0.0 -7.15290916e-04 0.0 -7.15290916e-04
 0.0 -7.12090617e-04 0.0 -7.12090617e-04 0.0 -7.12090617e-04 0.0 -7.12090617e-04 0.0 -7.12090617e-04 0.0 -7.12090617e-04
 0.0 -7.08918828e-04 0.0 -7.08918828e-04 0.0 -7.08918828e-04 0.0 -7.08918828e-04 0.0 -7.08918828e-04 0.0 -7.08918828e-04
 0.0 -7.05775168e-04 0.0 -7.05775168e-04 0.0 -7.05775168e-04 0.0 -7.05775168e-04 0.0 -7.05775168e-04 0.0 -7.05775168e-04
 0.0 -7.02659266e-04 0.0 -7.02659266e-04 0.0 -7.02659266e-04 0.0 -7.02659266e-04 0.0 -7.02659266e-04 0.0 -7.02659266e-04
 0.0 -6.99570755e-04 0.0 -6.99570755e-04 0.0 -6.99570755e-04 0.0 -6.99570755e-04 0.0 -6.99570755e-04 0.0 -6.99570755e-04
 0.0 -6.96509275e-04 0.0 -6.96509275e-04 0.0 -6.96509275e-04 0.0 -6.96509275e-04 0.0 -6.96509275e-04 0.0 -6.96509275e-04
 0.0 -6.93474474e-04 0.0 -6.93474474e-04 0.0 -6.93474474e-04 0.0 -6.93474474e-04 0.0 -6.93474474e-04 0.0 -6.93474474e-04
 0.0 -6.90466004e-04 0.0 -6.90466004e-04 0.0 -6.90466004e-04 0.0 -6.90466004e-04 0.0 -6.90466004e-04 0.0 -6.90466004e-04
 0.0 -6.87483523e-04 0.0 -6.87483523e-04 0.0 -6.87483523e-04 0.0 -6.87483523e-04 0.0 -6.87483523e-04 0.0 -6.87483523e-04
 0.0 -6.84526698e-04 0.0 -6.84526698e-04 0.0 -6.84526698e-04 0.0 -6.84526698e-04 0.0 -6.84526698e-04 0.0 -6.84526698e-04
 0.0 -6.81595197e-04 0.0 -6.81595197e-04 0.0 -6.81595197e-04 0.0 -6.81595197e-04 0.0 -6.81595197e-04 0.0 -6.81595197e-04
 0.0 -6.78688697e-04 0.0 -6.78688697e-04 0.0 -6.78688697e-04 0.0 -6.78688697e-04 0.0 -6.78688697e-04 0.0 -6.78688697e-04
 0.0 -6.75806880e-04 0.0 -6.75806880e-04 0.0 -6.75806880e-04 0.0 -6.75806880e-04 0.0 -6.75806880e-04 0.0 -6.75806880e-04
 0.0 -6.72949432e-04 0.0 -6.72949432e-04 0.0 -6.72949432e-04 0.0 -6.72949432e-04 0.0 -6.72949432e-04 0.0 -6.72949432e-04
 0.0 -6.70116045e-04 0.0 -6.70116045e-04 0.0 -6.70116045e-04 0.0 -6.70116045e-04 0.0 -6.70116045e-04 0.0 -6.70116045e-04
 0.0 -6.67306418e-04 0.0 -6.67306418e-04 0.0 -6.67306418e-04 0.0 -6.67306418e-04 0.0 -6.67306418e-04 0.0 -6.67306418e-04
 0.0 -6.64520252e-04 0.0 -6.64520252e-04 0.0 -6.64520252e-04 0.0 -6.64520252e-04 0.0 -6.64520252e-04 0.0 -6.64520252e-04
 0.0 -6.61757255e-04 0.0 -6.61757255e-04 0.0 -6.61757255e-04 0.0 -6.61757255e-04 0.0 -6.61757255e-04 0.0 -6.61757255e-04
 0.0 -6.59017139e-04 0.0 -6.59017139e-04 0.0 -6.59017139e-04 0.0 -6.59017139e-04 0.0 -6.59017139e-04 0.0 -6.59017139e-04
 0.0 -6.56299621e-04 0.0 -6.56299621e-04 0.0 -6.56299621e-04 0.0 -6.56299621e-04 0.0 -6.56299621e-04 0.0 -6.56299621e-04
 0.0 -6.53604422e-04 0.0 -6.53604422e-04 0.0 -6.53604422e-04 0.0 -6.53604422e-04 0.0 -6.53604422e-04 0.0 -6.53604422e-04
 0.0 -6.50931269e-04 0.0 -6.50931269e-04 0.0 -6.50931269e-04 0.0 -6.50931269e-04 0.0 -6.50931269e-04 0.0 -6.50931269e-04
 0.0 -6.48279892e-04 0.0 -6.48279892e-04 0.0 -6.48279892e-04 0.0 -6.48279892e-04 0.0 -6.48279892e-04 0.0 -6.48279892e-04
 0.0 -6.45650027e-04 0.0 -6.45650027e-04 0.0 -6.45650027e-04 0.0 -6.45650027e-04 0.0 -6.45650027e-04 0.0 -6.45650027e-04
 0.0 -6.43041412e-04 0.0 -6.43041412e-04 0.0 -6.43041412e-04 0.0 -6.43041412e-04 0.0 -6.43041412e-04 0.0 -6.43041412e-04
 0.0 -6.40453791e-04 0.0 -6.40453791e-04 0.0 -6.40453791e-04 0.0 -6.40453791e-04 0.0 -6.40453791e-04 0.0 -6.40453791e-04
 0.0 -6.37886911e-04 0.0 -6.37886911e-04 0.0 -6.37886911e-04 0.0 -6.37886911e-04 0.0 -6.37886911e-04 0.0 -6.37886911e-04
 0.0 -6.35340525e-04 0.0 -6.35340525e-04 0.0 -6.35340525e-04 0.0 -6.35340525e-04 0.0 -6.35340525e-04 0.0 -6.35340525e-04
 0.0 -6.32814388e-04 0.0 -6.32814388e-04 0.0 -6.32814388e-04 0.0 -6.32814388e-04 0.0 -6.32814388e-04 0.0 -6.32814388e-04
 0.0 -6.30308259e-04 0.0 -6.30308259e-04 0.0 -6.30308259e-04 0.0 -6.30308259e-04 0.0 -6.30308259e-04 0.0 -6.30308259e-04
 0.0 -6.27821901e-04 0.0 -6.27821901e-04 0.0 -6.27821901e-04 0.0 -6.27821901e-04 0.0 -6.27821901e-04 0.0 -6.27821901e-04
 0.0 -6.25355082e-04 0.0 -6.25355082e-04 0.0 -6.25355082e-04 0.0 -6.25355082e-04 0.0 -6.25355082e-04 0.0 -6.25355082e-04
 0.0 -6.22907572e-04 0.0 -6.22907572e-04 0.0 -6.22907572e-04 0.0 -6.22907572e-04 0.0 -6.22907572e-04 0.0 -6.22907572e-04
 0.0 -6.20479145e-04 0.0 -6.20479145e-04 0.0 -6.20479145e-04 0.0 -6.20479145e-04 0.0 -6.20479145e-04 0.0 -6.20479145e-04
 0.0 -6.18069578e-04 0.0 -6.18069578e-04 0.0 -6.18069578e-04 0.0 -6.18069578e-04 0.0 -6.18069578e-04 0.0 -6.18069578e-04
 0.0 -6.15678654e-04 0.0 -6.15678654e-04 0.0 -6.15678654e-04 0.0 -6.15678654e-04 0.0 -6.15678654e-04 0.0 -6.15678654e-04
 0.0 -6.13306156e-04 0.0 -6.13306156e-04 0.0 -6.13306156e-04 0.0 -6.13306156e-04 0.0 -6.13306156e-04 0.0 -6.13306156e-04
 0.0 -6.10951873e-04 0.0 -6.10951873e-04 0.0 -6.10951873e-04 0.0 -6.10951873e-04 0.0 -6.10951873e-04 0.0 -6.10951873e-04
 0.0 -6.08615595e-04 0.0 -6.08615595e-04 0.0 -6.08615595e-04 0.0 -6.08615595e-04 0.0 -6.08615595e-04 0.0 -6.08615595e-04
 0.0 -6.06297116e-04 0.0 -6.06297116e-04 0.0 -6.06297116e-04 0.0 -6.06297116e-04 0.0 -6.06297116e-04 0.0 -6.06297116e-04
 0.0 -6.03996234e-04 0.0 -6.03996234e-04 0.0 -6.03996234e-04 0.0 -6.03996234e-04 0.0 -6.03996234e-04 0.0 -6.03996234e-04
 0.0 -6.01712750e-04 0.0 -6.01712750e-04 0.0 -6.01712750e-04 0.0 -6.01712750e-04 0.0 -6.01712750e-04 0.0 -6.01712750e-04
 0.0 -5.99446466e-04 0.0 -5.99446466e-04 0.0 -5.99446466e-04 0.0 -5.99446466e-04 0.0 -5.99446466e-04 0.0 -5.99446466e-04
 0.0 -5.97197190e-04 0.0 -5.97197190e-04 0.0 -5.97197190e-04 0.0 -5.97197190e-04 0.0 -5.97197190e-04 0.0 -5.97197190e-04
 0.0 -5.94964730e-04 0.0 -5.94964730e-04 0.0 -5.94964730e-04 0.0 -5.94964730e-04 0.0 -5.94964730e-04 0.0 -5.94964730e-04
 0.0 -5.92748898e-04 0.0 -5.92748898e-04 0.0 -5.92748898e-04 0.0 -5.92748898e-04 0.0 -5.92748898e-04 0.0 -5.92748898e-04
 0.0 -5.90549510e-04 0.0 -5.90549510e-04 0.0 -5.90549510e-04 0.0 -5.90549510e-04 0.0 -5.90549510e-04 0.0 -5.90549510e-04
 0.0 -5.88366383e-04 0.0 -5.88366383e-04 0.0 -5.88366383e-04 0.0 -5.88366383e-04 0.0 -5.88366383e-04 0.0 -5.88366383e-04
 0.0 -5.86199337e-04 0.0 -5.86199337e-04 0.0 -5.86199337e-04 0.0 -5.86199337e-04 0.0 -5.86199337e-04 0.0 -5.86199337e-04
 0.0 -5.84048196e-04 0.0 -5.84048196e-04 0.0 -5.84048196e-04 0.0 -5.84048196e-04 0.0 -5.84048196e-04 0.0 -5.84048196e-04
 0.0 -5.81912785e-04 0.0 -5.81912785e-04 0.0 -5.81912785e-04 0.0 -5.81912785e-04 0.0 -5.81912785e-04 0.0 -5.81912785e-04
 0.0 -5.79792932e-04 0.0 -5.79792932e-04 0.0 -5.79792932e-04 0.0 -5.79792932e-04 0.0 -5.79792932e-04 0.0 -5.79792932e-04
 0.0 -5.77688467e-04 0.0 -5.77688467e-04 0.0 -5.77688467e-04 0.0 -5.77688467e-04 0.0 -5.77688467e-04 0.0 -5.77688467e-04
 0.0 -5.75599224e-04 0.0 -5.75599224e-04 0.0 -5.75599224e-04 0.0 -5.75599224e-04 0.0 -5.75599224e-04 0.0 -5.75599224e-04
 0.0 -5.73525038e-04 0.0 -5.73525038e-04 0.0 -5.73525038e-04 0.0 -5.73525038e-04 0.0 -5.73525038e-04 0.0 -5.73525038e-04
 0.0 -5.71465747e-04 0.0 -5.71465747e-04 0.0 -5.71465747e-04 0.0 -5.71465747e-04 0.0 -5.71465747e-04 0.0 -5.71465747e-04
 0.0 -5.69421191e-04 0.0 -5.69421191e-04 0.0 -5.69421191e-04 0.0 -5.69421191e-04 0.0 -5.69421191e-04 0.0 -5.69421191e-04
 0.0 -5.67391213e-04 0.0 -5.67391213e-04 0.0 -5.67391213e-04 0.0 -5.67391213e-04 0.0 -5.67391213e-04 0.0 -5.67391213e-04
 0.0 -5.65375656e-04 0.0 -5.65375656e-04 0.0 -5.65375656e-04 0.0 -5.65375656e-04 0.0 -5.65375656e-04 0.0 -5.65375656e-04
 0.0 -5.63374369e-04 0.0 -5.63374369e-04 0.0 -5.63374369e-04 0.0 -5.63374369e-04 0.0 -5.63374369e-04 0.0 -5.63374369e-04
 0.0 -5.61387200e-04 0.0 -5.61387200e-04 0.0 -5.61387200e-04 0.0 -5.61387200e-04 0.0 -5.61387200e-04 0.0 -5.61387200e-04
 0.0 -5.59414000e-04 0.0 -5.59414000e-04 0.0 -5.59414000e-04 0.0 -5.59414000e-04 0.0 -5.59414000e-04 0.0 -5.59414000e-04
 0.0 -5.57454622e-04 0.0 -5.57454622e-04 0.0 -5.57454622e-04 0.0 -5.57454622e-04 0.0 -5.57454622e-04 0.0 -5.57454622e-04
 0.0 -5.55508921e-04 0.0 -5.55508921e-04 0.0 -5.55508921e-04 0.0 -5.55508921e-04 0.0 -5.55508921e-04 0.0 -5.55508921e-04
 0.0 -5.53576756e-04 0.0 -5.53576756e-04 0.0 -5.53576756e-04 0.0 -5.53576756e-04 0.0 -5.53576756e-04 0.0 -5.53576756e-04
 0.0 -5.51657985e-04 0.0 -5.51657985e-04 0.0 -5.51657985e-04 0.0 -5.51657985e-04 0.0 -5.51657985e-04 0.0 -5.51657985e-04
 0.0 -5.49752469e-04 0.0 -5.49752469e-04 0.0 -5.49752469e-04 0.0 -5.49752469e-04 0.0 -5.49752469e-04 0.0 -5.49752469e-04
 0.0 -5.47860071e-04 0.0 -5.47860071e-04 0.0 -5.47860071e-04 0.0 -5.47860071e-04 0.0 -5.47860071e-04 0.0 -5.47860071e-04
 0.0 -5.45980657e-04 0.0 -5.45980657e-04 0.0 -5.45980657e-04 0.0 -5.45980657e-04 0.0 -5.45980657e-04 0.0 -5.45980657e-04
 0.0 -5.44114094e-04 0.0 -5.44114094e-04 0.0 -5.44114094e-04 0.0 -5.44114094e-04 0.0 -5.44114094e-04 0.0 -5.44114094e-04
 0.0 -5.42260249e-04 0.0 -5.42260249e-04 0.0 -5.42260249e-04 0.0 -5.42260249e-04 0.0 -5.42260249e-04 0.0 -5.42260249e-04
 0.0 -5.40418994e-04 0.0 -5.40418994e-04 0.0 -5.40418994e-04 0.0 -5.40418994e-04 0.0 -5.40418994e-04 0.0 -5.40418994e-04
 0.0 -5.38590200e-04 0.0 -5.38590200e-04 0.0 -5.38590200e-04 0.0 -5.38590200e-04 0.0 -5.38590200e-04 0.0 -5.38590200e-04
 0.0 -5.36773742e-04 0.0 -5.36773742e-04 0.0 -5.36773742e-04 0.0 -5.36773742e-04 0.0 -5.36773742e-04 0.0 -5.36773742e-04
 0.0 -5.34969495e-04 0.0 -5.34969495e-04 0.0 -5.34969495e-04 0.0 -5.34969495e-04 0.0 -5.34969495e-04 0.0 -5.34969495e-04
 0.0 -5.33177337e-04 0.0 -5.33177337e-04 0.0 -5.33177337e-04 0.0 -5.33177337e-04 0.0 -5.33177337e-04 0.0 -5.33177337e-04
 0.0 -5.31397145e-04 0.0 -5.31397145e-04 0.0 -5.31397145e-04 0.0 -5.31397145e-04 0.0 -5.31397145e-04 0.0 -5.31397145e-04
 0.0 -5.29628802e-04 0.0 -5.29628802e-04 0.0 -5.29628802e-04 0.0 -5.29628802e-04 0.0 -5.29628802e-04 0.0 -5.29628802e-04
 0.0 -5.27872188e-04 0.0 -5.27872188e-04 0.0 -5.27872188e-04 0.0 -5.27872188e-04 0.0 -5.27872188e-04 0.0 -5.27872188e-04
 0.0 -5.26127189e-04 0.0 -5.26127189e-04 0.0 -5.26127189e-04 0.0 -5.26127189e-04 0.0 -5.26127189e-04 0.0 -5.26127189e-04
 0.0 -5.24393688e-04 0.0 -5.24393688e-04 0.0 -5.24393688e-04 0.0 -5.24393688e-04 0.0 -5.24393688e-04 0.0 -5.24393688e-04
 0.0 -5.22671572e-04 0.0 -5.22671572e-04 0.0 -5.22671572e-04 0.0 -5.22671572e-04 0.0 -5.22671572e-04 0.0 -5.22671572e-04
 0.0 -5.20960731e-04 0.0 -5.20960731e-04 0.0 -5.20960731e-04 0.0 -5.20960731e-04 0.0 -5.20960731e-04 0.0 -5.20960731e-04
 0.0 -5.19261053e-04 0.0 -5.19261053e-04 0.0 -5.19261053e-04 0.0 -5.19261053e-04 0.0 -5.19261053e-04 0.0 -5.19261053e-04
 0.0 -5.17572429e-04 0.0 -5.17572429e-04 0.0 -5.17572429e-04 0.0 -5.17572429e-04 0.0 -5.17572429e-04 0.0 -5.17572429e-04
 0.0 -5.15894752e-04 0.0 -5.15894752e-04 0.0 -5.15894752e-04 0.0 -5.15894752e-04 0.0 -5.15894752e-04 0.0 -5.15894752e-04
 0.0 -5.14227917e-04 0.0 -5.14227917e-04 0.0 -5.14227917e-04 0.0 -5.14227917e-04 0.0 -5.14227917e-04 0.0 -5.14227917e-04
 0.0 -5.12571817e-04 0.0 -5.12571817e-04 0.0 -5.12571817e-04 0.0 -5.12571817e-04 0.0 -5.12571817e-04 0.0 -5.12571817e-04
 0.0 -5.10926351e-04 0.0 -5.10926351e-04 0.0 -5.10926351e-04 0.0 -5.10926351e-04 0.0 -5.10926351e-04 0.0 -5.10926351e-04
 0.0 -5.09291415e-04 0.0 -5.09291415e-04 0.0 -5.09291415e-04 0.0 -5.09291415e-04 0.0 -5.09291415e-04 0.0 -5.09291415e-04
 0.0 -5.07666908e-04 0.0 -5.07666908e-04 0.0 -5.07666908e-04 0.0 -5.07666908e-04 0.0 -5.07666908e-04 0.0 -5.07666908e-04
 0.0 -5.06052733e-04 0.0 -5.06052733e-04 0.0 -5.06052733e-04 0.0 -5.06052733e-04 0.0 -5.06052733e-04 0.0 -5.06052733e-04
 0.0 -5.04448790e-04 0.0 -5.04448790e-04 0.0 -5.04448790e-04 0.0 -5.04448790e-04 0.0 -5.04448790e-04 0.0 -5.04448790e-04
 0.0 -5.02854981e-04 0.0 -5.02854981e-04 0.0 -5.02854981e-04 0.0 -5.02854981e-04 0.0 -5.02854981e-04 0.0 -5.02854981e-04
 0.0 -5.01271213e-04 0.0 -5.01271213e-04 0.0 -5.01271213e-04 0.0 -5.01271213e-04 0.0 -5.01271213e-04 0.0 -5.01271213e-04
 0.0 -4.99697389e-04 0.0 -4.99697389e-04 0.0 -4.99697389e-04 0.0 -4.99697389e-04 0.0 -4.99697389e-04 0.0 -4.99697389e-04
 0.0 -4.98133417e-04 0.0 -4.98133417e-04 0.0 -4.98133417e-04 0.0 -4.98133417e-04 0.0 -4.98133417e-04 0.0 -4.98133417e-04
 0.0 -4.96579204e-04 0.0 -4.96579204e-04 0.0 -4.96579204e-04 0.0 -4.96579204e-04 0.0 -4.96579204e-04 0.0 -4.96579204e-04
 0.0 -4.95034659e-04 0.0 -4.95034659e-04 0.0 -4.95034659e-04 0.0 -4.95034659e-04 0.0 -4.95034659e-04 0.0 -4.95034659e-04
 0.0 -4.93499693e-04 0.0 -4.93499693e-04 0.0 -4.93499693e-04 0.0 -4.93499693e-04 0.0 -4.93499693e-04 0.0 -4.93499693e-04
 0.0 -4.91974216e-04 0.0 -4.91974216e-04 0.0 -4.91974216e-04 0.0 -4.91974216e-04 0.0 -4.91974216e-04 0.0 -4.91974216e-04
 0.0 -4.90458142e-04 0.0 -4.90458142e-04 0.0 -4.90458142e-04 0.0 -4.90458142e-04 0.0 -4.90458142e-04 0.0 -4.90458142e-04
 0.0 -4.88951382e-04 0.0 -4.88951382e-04 0.0 -4.88951382e-04 0.0 -4.88951382e-04 0.0 -4.88951382e-04 0.0 -4.88951382e-04
 0.0 -4.87453852e-04 0.0 -4.87453852e-04 0.0 -4.87453852e-04 0.0 -4.87453852e-04 0.0 -4.87453852e-04 0.0 -4.87453852e-04
 0.0 -4.85965466e-04 0.0 -4.85965466e-04 0.0 -4.85965466e-04 0.0 -4.85965466e-04 0.0 -4.85965466e-04 0.0 -4.85965466e-04
 0.0 -4.84486143e-04 0.0 -4.84486143e-04 0.0 -4.84486143e-04 0.0 -4.84486143e-04 0.0 -4.84486143e-04 0.0 -4.84486143e-04
 0.0 -4.83015798e-04 0.0 -4.83015798e-04 0.0 -4.83015798e-04 0.0 -4.83015798e-04 0.0 -4.83015798e-04 0.0 -4.83015798e-04
 0.0 -4.81554351e-04 0.0 -4.81554351e-04 0.0 -4.81554351e-04 0.0 -4.81554351e-04 0.0 -4.81554351e-04 0.0 -4.81554351e-04
 0.0 -4.80101720e-04 0.0 -4.80101720e-04 0.0 -4.80101720e-04 0.0 -4.80101720e-04 0.0 -4.80101720e-04 0.0 -4.80101720e-04
 0.0 -4.78657827e-04 0.0 -4.78657827e-04 0.0 -4.78657827e-04 0.0 -4.78657827e-04 0.0 -4.78657827e-04 0.0 -4.78657827e-04
 0.0 -4.77222593e-04 0.0 -4.77222593e-04 0.0 -4.77222593e-04 0.0 -4.77222593e-04 0.0 -4.77222593e-04 0.0 -4.77222593e-04
 0.0 -4.75795941e-04 0.0 -4.75795941e-04 0.0 -4.75795941e-04 0.0 -4.75795941e-04 0.0 -4.75795941e-04 0.0 -4.75795941e-04
 0.0 -4.74377792e-04 0.0 -4.74377792e-04 0.0 -4.74377792e-04 0.0 -4.74377792e-04 0.0 -4.74377792e-04 0.0 -4.74377792e-04
 0.0 -4.72968072e-04 0.0 -4.72968072e-04 0.0 -4.72968072e-04 0.0 -4.72968072e-04 0.0 -4.72968072e-04 0.0 -4.72968072e-04
 0.0 -4.71566706e-04 0.0 -4.71566706e-04 0.0 -4.71566706e-04 0.0 -4.71566706e-04 0.0 -4.71566706e-04 0.0 -4.71566706e-04
 0.0 -4.70173620e-04 0.0 -4.70173620e-04 0.0 -4.70173620e-04 0.0 -4.70173620e-04 0.0 -4.70173620e-04 0.0 -4.70173620e-04
 0.0 -4.68788740e-04 0.0 -4.68788740e-04 0.0 -4.68788740e-04 0.0 -4.68788740e-04 0.0 -4.68788740e-04 0.0 -4.68788740e-04
 0.0 -4.67411994e-04 0.0 -4.67411994e-04 0.0 -4.67411994e-04 0.0 -4.67411994e-04 0.0 -4.67411994e-04 0.0 -4.67411994e-04
 0.0 -4.66043311e-04 0.0 -4.66043311e-04 0.0 -4.66043311e-04 0.0 -4.66043311e-04 0.0 -4.66043311e-04 0.0 -4.66043311e-04
 0.0 -4.64682621e-04 0.0 -4.64682621e-04 0.0 -4.64682621e-04 0.0 -4.64682621e-04 0.0 -4.64682621e-04 0.0 -4.64682621e-04
 0.0 -4.63329852e-04 0.0 -4.63329852e-04 0.0 -4.63329852e-04 0.0 -4.63329852e-04 0.0 -4.63329852e-04 0.0 -4.63329852e-04
 0.0 -4.61984937e-04 0.0 -4.61984937e-04 0.0 -4.61984937e-04 0.0 -4.61984937e-04 0.0 -4.61984937e-04 0.0 -4.61984937e-04
 0.0 -4.60647807e-04 0.0 -4.60647807e-04 0.0 -4.60647807e-04 0.0 -4.60647807e-04 0.0 -4.60647807e-04 0.0 -4.60647807e-04
 0.0 -4.59318395e-04 0.0 -4.59318395e-04 0.0 -4.59318395e-04 0.0 -4.59318395e-04 0.0 -4.59318395e-04 0.0 -4.59318395e-04
 0.0 -4.57996634e-04 0.0 -4.57996634e-04 0.0 -4.57996634e-04 0.0 -4.57996634e-04 0.0 -4.57996634e-04 0.0 -4.57996634e-04
 0.0 -4.56682458e-04 0.0 -4.56682458e-04 0.0 -4.56682458e-04 0.0 -4.56682458e-04 0.0 -4.56682458e-04 0.0 -4.56682458e-04
 0.0 -4.55375802e-04 0.0 -4.55375802e-04 0.0 -4.55375802e-04 0.0 -4.55375802e-04 0.0 -4.55375802e-04 0.0 -4.55375802e-04
 0.0 -4.54076603e-04 0.0 -4.54076603e-04 0.0 -4.54076603e-04 0.0 -4.54076603e-04 0.0 -4.54076603e-04 0.0 -4.54076603e-04
 0.0 -4.52784795e-04 0.0 -4.52784795e-04 0.0 -4.52784795e-04 0.0 -4.52784795e-04 0.0 -4.52784795e-04 0.0 -4.52784795e-04
 0.0 -4.51500317e-04 0.0 -4.51500317e-04 0.0 -4.51500317e-04 0.0 -4.51500317e-04 0.0 -4.51500317e-04 0.0 -4.51500317e-04
 0.0 -4.50223105e-04 0.0 -4.50223105e-04 0.0 -4.50223105e-04 0.0 -4.50223105e-04 0.0 -4.50223105e-04 0.0 -4.50223105e-04
 0.0 -4.48953100e-04 0.0 -4.48953100e-04 0.0 -4.48953100e-04 0.0 -4.48953100e-04 0.0 -4.48953100e-04 0.0 -4.48953100e-04
 0.0 -4.47690239e-04 0.0 -4.47690239e-04 0.0 -4.47690239e-04 0.0 -4.47690239e-04 0.0 -4.47690239e-04 0.0 -4.47690239e-04
 0.0 -4.46434462e-04 0.0 -4.46434462e-04 0.0 -4.46434462e-04 0.0 -4.46434462e-04 0.0 -4.46434462e-04 0.0 -4.46434462e-04
 0.0 -4.45185711e-04 0.0 -4.45185711e-04 0.0 -4.45185711e-04 0.0 -4.45185711e-04 0.0 -4.45185711e-04 0.0 -4.45185711e-04
 0.0 -4.43943926e-04 0.0 -4.43943926e-04 0.0 -4.43943926e-04 0.0 -4.43943926e-04 0.0 -4.43943926e-04 0.0 -4.43943926e-04
 0.0 -4.42709050e-04 0.0 -4.42709050e-04 0.0 -4.42709050e-04 0.0 -4.42709050e-04 0.0 -4.42709050e-04 0.0 -4.42709050e-04
 0.0 -4.41481024e-04 0.0 -4.41481024e-04 0.0 -4.41481024e-04 0.0 -4.41481024e-04 0.0 -4.41481024e-04 0.0 -4.41481024e-04
 0.0 -4.40259792e-04 0.0 -4.40259792e-04 0.0 -4.40259792e-04 0.0 -4.40259792e-04 0.0 -4.40259792e-04 0.0 -4.40259792e-04
 0.0 -4.39045298e-04 0.0 -4.39045298e-04 0.0 -4.39045298e-04 0.0 -4.39045298e-04 0.0 -4.39045298e-04 0.0 -4.39045298e-04
 0.0 -4.37837486e-04 0.0 -4.37837486e-04 0.0 -4.37837486e-04 0.0 -4.37837486e-04 0.0 -4.37837486e-04 0.0 -4.37837486e-04
 0.0 -4.36636301e-04 0.0 -4.36636301e-04 0.0 -4.36636301e-04 0.0 -4.36636301e-04 0.0 -4.36636301e-04 0.0 -4.36636301e-04
 0.0 -4.35441689e-04 0.0 -4.35441689e-04 0.0 -4.35441689e-04 0.0 -4.35441689e-04 0.0 -4.35441689e-04 0.0 -4.35441689e-04
 0.0 -4.34253595e-04 0.0 -4.34253595e-04 0.0 -4.34253595e-04 0.0 -4.34253595e-04 0.0 -4.34253595e-04 0.0 -4.34253595e-04
 0.0 -4.33071968e-04 0.0 -4.33071968e-04 0.0 -4.33071968e-04 0.0 -4.33071968e-04 0.0 -4.33071968e-04 0.0 -4.33071968e-04
 0.0 -4.31896753e-04 0.0 -4.31896753e-04 0.0 -4.31896753e-04 0.0 -4.31896753e-04 0.0 -4.31896753e-04 0.0 -4.31896753e-04
 0.0 -4.30727899e-04 0.0 -4.30727899e-04 0.0 -4.30727899e-04 0.0 -4.30727899e-04 0.0 -4.30727899e-04 0.0 -4.30727899e-04
 0.0 -4.29565355e-04 0.0 -4.29565355e-04 0.0 -4.29565355e-04 0.0 -4.29565355e-04 0.0 -4.29565355e-04 0.0 -4.29565355e-04
 0.0 -4.28409070e-04 0.0 -4.28409070e-04 0.0 -4.28409070e-04 0.0 -4.28409070e-04 0.0 -4.28409070e-04 0.0 -4.28409070e-04
 0.0 -4.27258992e-04 0.0 -4.27258992e-04 0.0 -4.27258992e-04 0.0 -4.27258992e-04 0.0 -4.27258992e-04 0.0 -4.27258992e-04
 0.0 -4.26115073e-04 0.0 -4.26115073e-04 0.0 -4.26115073e-04 0.0 -4.26115073e-04 0.0 -4.26115073e-04 0.0 -4.26115073e-04
 0.0 -4.24977263e-04 0.0 -4.24977263e-04 0.0 -4.24977263e-04 0.0 -4.24977263e-04 0.0 -4.24977263e-04 0.0 -4.24977263e-04
 0.0 -4.23845513e-04 0.0 -4.23845513e-04 0.0 -4.23845513e-04 0.0 -4.23845513e-04 0.0 -4.23845513e-04 0.0 -4.23845513e-04
 0.0 -4.22719775e-04 0.0 -4.22719775e-04 0.0 -4.22719775e-04 0.0 -4.22719775e-04 0.0 -4.22719775e-04 0.0 -4.22719775e-04
 0.0 -4.21600000e-04 0.0 -4.21600000e-04 0.0 -4.21600000e-04 0.0 -4.21600000e-04 0.0 -4.21600000e-04 0.0 -4.21600000e-04
 0.0 -4.20486143e-04 0.0 -4.20486143e-04 0.0 -4.20486143e-04 0.0 -4.20486143e-04 0.0 -4.20486143e-04 0.0 -4.20486143e-04
 0.0 -4.19378156e-04 0.0 -4.19378156e-04 0.0 -4.19378156e-04 0.0 -4.19378156e-04 0.0 -4.19378156e-04 0.0 -4.19378156e-04
 0.0 -4.18275992e-04 0.0 -4.18275992e-04 0.0 -4.18275992e-04 0.0 -4.18275992e-04 0.0 -4.18275992e-04 0.0 -4.18275992e-04
 0.0 -4.17179606e-04 0.0 -4.17179606e-04 0.0 -4.17179606e-04 0.0 -4.17179606e-04 0.0 -4.17179606e-04 0.0 -4.17179606e-04
 0.0 -4.16088953e-04 0.0 -4.16088953e-04 0.0 -4.16088953e-04 0.0 -4.16088953e-04 0.0 -4.16088953e-04 0.0 -4.16088953e-04
 0.0 -4.15003988e-04 0.0 -4.15003988e-04 0.0 -4.15003988e-04 0.0 -4.15003988e-04 0.0 -4.15003988e-04 0.0 -4.15003988e-04
 0.0 -4.13924666e-04 0.0 -4.13924666e-04 0.0 -4.13924666e-04 0.0 -4.13924666e-04 0.0 -4.13924666e-04 0.0 -4.13924666e-04
 0.0 -4.12850944e-04 0.0 -4.12850944e-04 0.0 -4.12850944e-04 0.0 -4.12850944e-04 0.0 -4.12850944e-04 0.0 -4.12850944e-04
 0.0 -4.11782778e-04 0.0 -4.11782778e-04 0.0 -4.11782778e-04 0.0 -4.11782778e-04 0.0 -4.11782778e-04 0.0 -4.11782778e-04
 0.0 -4.10720124e-04 0.0 -4.10720124e-04 0.0 -4.10720124e-04 0.0 -4.10720124e-04 0.0 -4.10720124e-04 0.0 -4.10720124e-04
 0.0 -4.09662941e-04 0.0 -4.09662941e-04 0.0 -4.09662941e-04 0.0 -4.09662941e-04 0.0 -4.09662941e-04 0.0 -4.09662941e-04
 0.0 -4.08611187e-04 0.0 -4.08611187e-04 0.0 -4.08611187e-04 0.0 -4.08611187e-04 0.0 -4.08611187e-04 0.0 -4.08611187e-04
 0.0 -4.07564819e-04 0.0 -4.07564819e-04 0.0 -4.07564819e-04 0.0 -4.07564819e-04 0.0 -4.07564819e-04 0.0 -4.07564819e-04
 0.0 -4.06523797e-04 0.0 -4.06523797e-04 0.0 -4.06523797e-04 0.0 -4.06523797e-04 0.0 -4.06523797e-04 0.0 -4.06523797e-04
 0.0 -4.05488079e-04 0.0 -4.05488079e-04 0.0 -4.05488079e-04 0.0 -4.05488079e-04 0.0 -4.05488079e-04 0.0 -4.05488079e-04
 0.0 -4.04457624e-04 0.0 -4.04457624e-04 0.0 -4.04457624e-04 0.0 -4.04457624e-04 0.0 -4.04457624e-04 0.0 -4.04457624e-04
 0.0 -4.03432395e-04 0.0 -4.03432395e-04 0.0 -4.03432395e-04 0.0 -4.03432395e-04 0.0 -4.03432395e-04 0.0 -4.03432395e-04
 0.0 -4.02412349e-04 0.0 -4.02412349e-04 0.0 -4.02412349e-04 0.0 -4.02412349e-04 0.0 -4.02412349e-04 0.0 -4.02412349e-04
 0.0 -4.01397448e-04 0.0 -4.01397448e-04 0.0 -4.01397448e-04 0.0 -4.01397448e-04 0.0 -4.01397448e-04 0.0 -4.01397448e-04
 0.0 -4.00387654e-04 0.0 -4.00387654e-04 0.0 -4.00387654e-04 0.0 -4.00387654e-04 0.0 -4.00387654e-04 0.0 -4.00387654e-04
 0.0 -3.99382928e-04 0.0 -3.99382928e-04 0.0 -3.99382928e-04 0.0 -3.99382928e-04 0.0 -3.99382928e-04 0.0 -3.99382928e-04
 0.0 -3.98383232e-04 0.0 -3.98383232e-04 0.0 -3.98383232e-04 0.0 -3.98383232e-04 0.0 -3.98383232e-04 0.0 -3.98383232e-04
 0.0 -3.97388528e-04 0.0 -3.97388528e-04 0.0 -3.97388528e-04 0.0 -3.97388528e-04 0.0 -3.97388528e-04 0.0 -3.97388528e-04
 0.0 -3.96398778e-04 0.0 -3.96398778e-04 0.0 -3.96398778e-04 0.0 -3.96398778e-04 0.0 -3.96398778e-04 0.0 -3.96398778e-04
 0.0 -3.95413947e-04 0.0 -3.95413947e-04 0.0 -3.95413947e-04 0.0 -3.95413947e-04 0.0 -3.95413947e-04 0.0 -3.95413947e-04
 0.0 -3.94433997e-04 0.0 -3.94433997e-04 0.0 -3.94433997e-04 0.0 -3.94433997e-04 0.0 -3.94433997e-04 0.0 -3.94433997e-04
 0.0 -3.93458892e-04 0.0 -3.93458892e-04 0.0 -3.93458892e-04 0.0 -3.93458892e-04 0.0 -3.93458892e-04 0.0 -3.93458892e-04
 0.0 -3.92488596e-04 0.0 -3.92488596e-04 0.0 -3.92488596e-04 0.0 -3.92488596e-04 0.0 -3.92488596e-04 0.0 -3.92488596e-04
 0.0 -3.91523075e-04 0.0 -3.91523075e-04 0.0 -3.91523075e-04 0.0 -3.91523075e-04 0.0 -3.91523075e-04 0.0 -3.91523075e-04
 0.0 -3.90562292e-04 0.0 -3.90562292e-04 0.0 -3.90562292e-04 0.0 -3.90562292e-04 0.0 -3.90562292e-04 0.0 -3.90562292e-04
 0.0 -3.89606212e-04 0.0 -3.89606212e-04 0.0 -3.89606212e-04 0.0 -3.89606212e-04 0.0 -3.89606212e-04 0.0 -3.89606212e-04
 0.0 -3.88654803e-04 0.0 -3.88654803e-04 0.0 -3.88654803e-04 0.0 -3.88654803e-04 0.0 -3.88654803e-04 0.0 -3.88654803e-04
 0.0 -3.87708028e-04 0.0 -3.87708028e-04 0.0 -3.87708028e-04 0.0 -3.87708028e-04 0.0 -3.87708028e-04 0.0 -3.87708028e-04
 0.0 -3.86765855e-04 0.0 -3.86765855e-04 0.0 -3.86765855e-04 0.0 -3.86765855e-04 0.0 -3.86765855e-04 0.0 -3.86765855e-04
 0.0 -3.85828251e-04 0.0 -3.85828251e-04 0.0 -3.85828251e-04 0.0 -3.85828251e-04 0.0 -3.85828251e-04 0.0 -3.85828251e-04
 0.0 -3.84895181e-04 0.0 -3.84895181e-04 0.0 -3.84895181e-04 0.0 -3.84895181e-04 0.0 -3.84895181e-04 0.0 -3.84895181e-04
 0.0 -3.83966613e-04 0.0 -3.83966613e-04 0.0 -3.83966613e-04 0.0 -3.83966613e-04 0.0 -3.83966613e-04 0.0 -3.83966613e-04
 0.0 -3.83042514e-04 0.0 -3.83042514e-04 0.0 -3.83042514e-04 0.0 -3.83042514e-04 0.0 -3.83042514e-04 0.0 -3.83042514e-04
 0.0 -3.82122853e-04 0.0 -3.82122853e-04 0.0 -3.82122853e-04 0.0 -3.82122853e-04 0.0 -3.82122853e-04 0.0 -3.82122853e-04
 0.0 -3.81207598e-04 0.0 -3.81207598e-04 0.0 -3.81207598e-04 0.0 -3.81207598e-04 0.0 -3.81207598e-04 0.0 -3.81207598e-04
 0.0 -3.80296716e-04 0.0 -3.80296716e-04 0.0 -3.80296716e-04 0.0 -3.80296716e-04 0.0 -3.80296716e-04 0.0 -3.80296716e-04
 0.0 -3.79390178e-04 0.0 -3.79390178e-04 0.0 -3.79390178e-04 0.0 -3.79390178e-04 0.0 -3.79390178e-04 0.0 -3.79390178e-04
 0.0 -3.78487950e-04 0.0 -3.78487950e-04 0.0 -3.78487950e-04 0.0 -3.78487950e-04 0.0 -3.78487950e-04 0.0 -3.78487950e-04
 0.0 -3.77590004e-04 0.0 -3.77590004e-04 0.0 -3.77590004e-04 0.0 -3.77590004e-04 0.0 -3.77590004e-04 0.0 -3.77590004e-04
 0.0 -3.76696308e-04 0.0 -3.76696308e-04 0.0 -3.76696308e-04 0.0 -3.76696308e-04 0.0 -3.76696308e-04 0.0 -3.76696308e-04
 0.0 -3.75806833e-04 0.0 -3.75806833e-04 0.0 -3.75806833e-04 0.0 -3.75806833e-04 0.0 -3.75806833e-04 0.0 -3.75806833e-04
 0.0 -3.74921549e-04 0.0 -3.74921549e-04 0.0 -3.74921549e-04 0.0 -3.74921549e-04 0.0 -3.74921549e-04 0.0 -3.74921549e-04
 0.0 -3.74040425e-04 0.0 -3.74040425e-04 0.0 -3.74040425e-04 0.0 -3.74040425e-04 0.0 -3.74040425e-04 0.0 -3.74040425e-04
 0.0 -3.73163433e-04 0.0 -3.73163433e-04 0.0 -3.73163433e-04 0.0 -3.73163433e-04 0.0 -3.73163433e-04 0.0 -3.73163433e-04
 0.0 -3.72290545e-04 0.0 -3.72290545e-04 0.0 -3.72290545e-04 0.0 -3.72290545e-04 0.0 -3.72290545e-04 0.0 -3.72290545e-04
 0.0 -3.71421730e-04 0.0 -3.71421730e-04 0.0 -3.71421730e-04 0.0 -3.71421730e-04 0.0 -3.71421730e-04 0.0 -3.71421730e-04
 0.0 -3.70556961e-04 0.0 -3.70556961e-04 0.0 -3.70556961e-04 0.0 -3.70556961e-04 0.0 -3.70556961e-04 0.0 -3.70556961e-04
 0.0 -3.69696209e-04 0.0 -3.69696209e-04 0.0 -3.69696209e-04 0.0 -3.69696209e-04 0.0 -3.69696209e-04 0.0 -3.69696209e-04
 0.0 -3.68839447e-04 0.0 -3.68839447e-04 0.0 -3.68839447e-04 0.0 -3.68839447e-04 0.0 -3.68839447e-04 0.0 -3.68839447e-04
 0.0 -3.67986647e-04 0.0 -3.67986647e-04 0.0 -3.67986647e-04 0.0 -3.67986647e-04 0.0 -3.67986647e-04 0.0 -3.67986647e-04
 0.0 -3.67137781e-04 0.0 -3.67137781e-04 0.0 -3.67137781e-04 0.0 -3.67137781e-04 0.0 -3.67137781e-04 0.0 -3.67137781e-04
 0.0 -3.66292822e-04 0.0 -3.66292822e-04 0.0 -3.66292822e-04 0.0 -3.66292822e-04 0.0 -3.66292822e-04 0.0 -3.66292822e-04
 0.0 -3.65451744e-04 0.0 -3.65451744e-04 0.0 -3.65451744e-04 0.0 -3.65451744e-04 0.0 -3.65451744e-04 0.0 -3.65451744e-04
 0.0 -3.64614520e-04 0.0 -3.64614520e-04 0.0 -3.64614520e-04 0.0 -3.64614520e-04 0.0 -3.64614520e-04 0.0 -3.64614520e-04
 0.0 -3.63781122e-04 0.0 -3.63781122e-04 0.0 -3.63781122e-04 0.0 -3.63781122e-04 0.0 -3.63781122e-04 0.0 -3.63781122e-04
 0.0 -3.62951526e-04 0.0 -3.62951526e-04 0.0 -3.62951526e-04 0.0 -3.62951526e-04 0.0 -3.62951526e-04 0.0 -3.62951526e-04
 0.0 -3.62125705e-04 0.0 -3.62125705e-04 0.0 -3.62125705e-04 0.0 -3.62125705e-04 0.0 -3.62125705e-04 0.0 -3.62125705e-04
 0.0 -3.61303633e-04 0.0 -3.61303633e-04 0.0 -3.61303633e-04 0.0 -3.61303633e-04 0.0 -3.61303633e-04 0.0 -3.61303633e-04
 0.0 -3.60485286e-04 0.0 -3.60485286e-04 0.0 -3.60485286e-04 0.0 -3.60485286e-04 0.0 -3.60485286e-04 0.0 -3.60485286e-04
 0.0 -3.59670637e-04 0.0 -3.59670637e-04 0.0 -3.59670637e-04 0.0 -3.59670637e-04 0.0 -3.59670637e-04 0.0 -3.59670637e-04
 0.0 -3.58859662e-04 0.0 -3.58859662e-04 0.0 -3.58859662e-04 0.0 -3.58859662e-04 0.0 -3.58859662e-04 0.0 -3.58859662e-04
 0.0 -3.58052335e-04 0.0 -3.58052335e-04 0.0 -3.58052335e-04 0.0 -3.58052335e-04 0.0 -3.58052335e-04 0.0 -3.58052335e-04
 0.0 -3.57248633e-04 0.0 -3.57248633e-04 0.0 -3.57248633e-04 0.0 -3.57248633e-04 0.0 -3.57248633e-04 0.0 -3.57248633e-04
 0.0 -3.56448531e-04 0.0 -3.56448531e-04 0.0 -3.56448531e-04 0.0 -3.56448531e-04 0.0 -3.56448531e-04 0.0 -3.56448531e-04
 0.0 -3.55652005e-04 0.0 -3.55652005e-04 0.0 -3.55652005e-04 0.0 -3.55652005e-04 0.0 -3.55652005e-04 0.0 -3.55652005e-04
 0.0 -3.54859030e-04 0.0 -3.54859030e-04 0.0 -3.54859030e-04 0.0 -3.54859030e-04 0.0 -3.54859030e-04 0.0 -3.54859030e-04
 0.0 -3.54069584e-04 0.0 -3.54069584e-04 0.0 -3.54069584e-04 0.0 -3.54069584e-04 0.0 -3.54069584e-04 0.0 -3.54069584e-04
 0.0 -3.53283643e-04 0.0 -3.53283643e-04 0.0 -3.53283643e-04 0.0 -3.53283643e-04 0.0 -3.53283643e-04 0.0 -3.53283643e-04
 0.0 -3.52501182e-04 0.0 -3.52501182e-04 0.0 -3.52501182e-04 0.0 -3.52501182e-04 0.0 -3.52501182e-04 0.0 -3.52501182e-04
 0.0 -3.51722181e-04 0.0 -3.51722181e-04 0.0 -3.51722181e-04 0.0 -3.51722181e-04 0.0 -3.51722181e-04 0.0 -3.51722181e-04
 0.0 -3.50946615e-04 0.0 -3.50946615e-04 0.0 -3.50946615e-04 0.0 -3.50946615e-04 0.0 -3.50946615e-04 0.0 -3.50946615e-04
 0.0 -3.50174461e-04 0.0 -3.50174461e-04 0.0 -3.50174461e-04 0.0 -3.50174461e-04 0.0 -3.50174461e-04 0.0 -3.50174461e-04
 0.0 -3.49405698e-04 0.0 -3.49405698e-04 0.0 -3.49405698e-04 0.0 -3.49405698e-04 0.0 -3.49405698e-04 0.0 -3.49405698e-04
 0.0 -3.48640303e-04 0.0 -3.48640303e-04 0.0 -3.48640303e-04 0.0 -3.48640303e-04 0.0 -3.48640303e-04 0.0 -3.48640303e-04
 0.0 -3.47878254e-04 0.0 -3.47878254e-04 0.0 -3.47878254e-04 0.0 -3.47878254e-04 0.0 -3.47878254e-04 0.0 -3.47878254e-04
 0.0 -3.47119529e-04 0.0 -3.47119529e-04 0.0 -3.47119529e-04 0.0 -3.47119529e-04 0.0 -3.47119529e-04 0.0 -3.47119529e-04
 0.0 -3.46364106e-04 0.0 -3.46364106e-04 0.0 -3.46364106e-04 0.0 -3.46364106e-04 0.0 -3.46364106e-04 0.0 -3.46364106e-04
 0.0 -3.45611964e-04 0.0 -3.45611964e-04 0.0 -3.45611964e-04 0.0 -3.45611964e-04 0.0 -3.45611964e-04 0.0 -3.45611964e-04
 0.0 -3.44863082e-04 0.0 -3.44863082e-04 0.0 -3.44863082e-04 0.0 -3.44863082e-04 0.0 -3.44863082e-04 0.0 -3.44863082e-04
 0.0 -3.44117438e-04 0.0 -3.44117438e-04 0.0 -3.44117438e-04 0.0 -3.44117438e-04 0.0 -3.44117438e-04 0.0 -3.44117438e-04
 0.0 -3.43375011e-04 0.0 -3.43375011e-04 0.0 -3.43375011e-04 0.0 -3.43375011e-04 0.0 -3.43375011e-04 0.0 -3.43375011e-04
 0.0 -3.42635781e-04 0.0 -3.42635781e-04 0.0 -3.42635781e-04 0.0 -3.42635781e-04 0.0 -3.42635781e-04 0.0 -3.42635781e-04
 0.0 -3.41899727e-04 0.0 -3.41899727e-04 0.0 -3.41899727e-04 0.0 -3.41899727e-04 0.0 -3.41899727e-04 0.0 -3.41899727e-04
 0.0 -3.41166829e-04 0.0 -3.41166829e-04 0.0 -3.41166829e-04 0.0 -3.41166829e-04 0.0 -3.41166829e-04 0.0 -3.41166829e-04
 0.0 -3.40437066e-04 0.0 -3.40437066e-04 0.0 -3.40437066e-04 0.0 -3.40437066e-04 0.0 -3.40437066e-04 0.0 -3.40437066e-04
 0.0 -3.39710418e-04 0.0 -3.39710418e-04 0.0 -3.39710418e-04 0.0 -3.39710418e-04 0.0 -3.39710418e-04 0.0 -3.39710418e-04
 0.0 -3.38986866e-04 0.0 -3.38986866e-04 0.0 -3.38986866e-04 0.0 -3.38986866e-04 0.0 -3.38986866e-04 0.0 -3.38986866e-04
 0.0 -3.38266389e-04 0.0 -3.38266389e-04 0.0 -3.38266389e-04 0.0 -3.38266389e-04 0.0 -3.38266389e-04 0.0 -3.38266389e-04
 0.0 -3.37548968e-04 0.0 -3.37548968e-04 0.0 -3.37548968e-04 0.0 -3.37548968e-04 0.0 -3.37548968e-04 0.0 -3.37548968e-04
 0.0 -3.36834585e-04 0.0 -3.36834585e-04 0.0 -3.36834585e-04 0.0 -3.36834585e-04 0.0 -3.36834585e-04 0.0 -3.36834585e-04
 0.0 -3.36123218e-04 0.0 -3.36123218e-04 0.0 -3.36123218e-04 0.0 -3.36123218e-04 0.0 -3.36123218e-04 0.0 -3.36123218e-04
 0.0 -3.35414850e-04 0.0 -3.35414850e-04 0.0 -3.35414850e-04 0.0 -3.35414850e-04 0.0 -3.35414850e-04 0.0 -3.35414850e-04
 0.0 -3.34709461e-04 0.0 -3.34709461e-04 0.0 -3.34709461e-04 0.0 -3.34709461e-04 0.0 -3.34709461e-04 0.0 -3.34709461e-04
 0.0 -3.34007033e-04 0.0 -3.34007033e-04 0.0 -3.34007033e-04 0.0 -3.34007033e-04 0.0 -3.34007033e-04 0.0 -3.34007033e-04
 0.0 -3.33307547e-04 0.0 -3.33307547e-04 0.0 -3.33307547e-04 0.0 -3.33307547e-04 0.0 -3.33307547e-04 0.0 -3.33307547e-04
 0.0 -3.32610985e-04 0.0 -3.32610985e-04 0.0 -3.32610985e-04 0.0 -3.32610985e-04 0.0 -3.32610985e-04 0.0 -3.32610985e-04
 0.0 -3.31917328e-04 0.0 -3.31917328e-04 0.0 -3.31917328e-04 0.0 -3.31917328e-04 0.0 -3.31917328e-04 0.0 -3.31917328e-04
 0.0 -3.31226558e-04 0.0 -3.31226558e-04 0.0 -3.31226558e-04 0.0 -3.31226558e-04 0.0 -3.31226558e-04 0.0 -3.31226558e-04
 0.0 -3.30538657e-04 0.0 -3.30538657e-04 0.0 -3.30538657e-04 0.0 -3.30538657e-04 0.0 -3.30538657e-04 0.0 -3.30538657e-04
 0.0 -3.29853608e-04 0.0 -3.29853608e-04 0.0 -3.29853608e-04 0.0 -3.29853608e-04 0.0 -3.29853608e-04 0.0 -3.29853608e-04
 0.0 -3.29171392e-04 0.0 -3.29171392e-04 0.0 -3.29171392e-04 0.0 -3.29171392e-04 0.0 -3.29171392e-04 0.0 -3.29171392e-04
 0.0 -3.28491993e-04 0.0 -3.28491993e-04 0.0 -3.28491993e-04 0.0 -3.28491993e-04 0.0 -3.28491993e-04 0.0 -3.28491993e-04
 0.0 -3.27815392e-04 0.0 -3.27815392e-04 0.0 -3.27815392e-04 0.0 -3.27815392e-04 0.0 -3.27815392e-04 0.0 -3.27815392e-04
 0.0 -3.27141573e-04 0.0 -3.27141573e-04 0.0 -3.27141573e-04 0.0 -3.27141573e-04 0.0 -3.27141573e-04 0.0 -3.27141573e-04
 0.0 -3.26470518e-04 0.0 -3.26470518e-04 0.0 -3.26470518e-04 0.0 -3.26470518e-04 0.0 -3.26470518e-04 0.0 -3.26470518e-04
 0.0 -3.25802211e-04 0.0 -3.25802211e-04 0.0 -3.25802211e-04 0.0 -3.25802211e-04 0.0 -3.25802211e-04 0.0 -3.25802211e-04
 0.0 -3.25136634e-04 0.0 -3.25136634e-04 0.0 -3.25136634e-04 0.0 -3.25136634e-04 0.0 -3.25136634e-04 0.0 -3.25136634e-04
 0.0 -3.24473771e-04 0.0 -3.24473771e-04 0.0 -3.24473771e-04 0.0 -3.24473771e-04 0.0 -3.24473771e-04 0.0 -3.24473771e-04
 0.0 -3.23813605e-04 0.0 -3.23813605e-04 0.0 -3.23813605e-04 0.0 -3.23813605e-04 0.0 -3.23813605e-04 0.0 -3.23813605e-04
 0.0 -3.23156120e-04 0.0 -3.23156120e-04 0.0 -3.23156120e-04 0.0 -3.23156120e-04 0.0 -3.23156120e-04 0.0 -3.23156120e-04
 0.0 -3.22501300e-04 0.0 -3.22501300e-04 0.0 -3.22501300e-04 0.0 -3.22501300e-04 0.0 -3.22501300e-04 0.0 -3.22501300e-04
 0.0 -3.21849127e-04 0.0 -3.21849127e-04 0.0 -3.21849127e-04 0.0 -3.21849127e-04 0.0 -3.21849127e-04 0.0 -3.21849127e-04
 0.0 -3.21199588e-04 0.0 -3.21199588e-04 0.0 -3.21199588e-04 0.0 -3.21199588e-04 0.0 -3.21199588e-04 0.0 -3.21199588e-04
 0.0 -3.20552665e-04 0.0 -3.20552665e-04 0.0 -3.20552665e-04 0.0 -3.20552665e-04 0.0 -3.20552665e-04 0.0 -3.20552665e-04
 0.0 -3.19908342e-04 0.0 -3.19908342e-04 0.0 -3.19908342e-04 0.0 -3.19908342e-04 0.0 -3.19908342e-04 0.0 -3.19908342e-04
 0.0 -3.19266604e-04 0.0 -3.19266604e-04 0.0 -3.19266604e-04 0.0 -3.19266604e-04 0.0 -3.19266604e-04 0.0 -3.19266604e-04
 0.0 -3.18627436e-04 0.0 -3.18627436e-04 0.0 -3.18627436e-04 0.0 -3.18627436e-04 0.0 -3.18627436e-04 0.0 -3.18627436e-04
 0.0 -3.17990822e-04 0.0 -3.17990822e-04 0.0 -3.17990822e-04 0.0 -3.17990822e-04 0.0 -3.17990822e-04 0.0 -3.17990822e-04
 0.0 -3.17356747e-04 0.0 -3.17356747e-04 0.0 -3.17356747e-04 0.0 -3.17356747e-04 0.0 -3.17356747e-04 0.0 -3.17356747e-04
 0.0 -3.16725196e-04 0.0 -3.16725196e-04 0.0 -3.16725196e-04 0.0 -3.16725196e-04 0.0 -3.16725196e-04 0.0 -3.16725196e-04
 0.0 -3.16096153e-04 0.0 -3.16096153e-04 0.0 -3.16096153e-04 0.0 -3.16096153e-04 0.0 -3.16096153e-04 0.0 -3.16096153e-04
 0.0 -3.15469604e-04 0.0 -3.15469604e-04 0.0 -3.15469604e-04 0.0 -3.15469604e-04 0.0 -3.15469604e-04 0.0 -3.15469604e-04
 0.0 -3.14845534e-04 0.0 -3.14845534e-04 0.0 -3.14845534e-04 0.0 -3.14845534e-04 0.0 -3.14845534e-04 0.0 -3.14845534e-04
 0.0 -3.14223927e-04 0.0 -3.14223927e-04 0.0 -3.14223927e-04 0.0 -3.14223927e-04 0.0 -3.14223927e-04 0.0 -3.14223927e-04
 0.0 -3.13604771e-04 0.0 -3.13604771e-04 0.0 -3.13604771e-04 0.0 -3.13604771e-04 0.0 -3.13604771e-04 0.0 -3.13604771e-04
 0.0 -3.12988050e-04 0.0 -3.12988050e-04 0.0 -3.12988050e-04 0.0 -3.12988050e-04 0.0 -3.12988050e-04 0.0 -3.12988050e-04
 0.0 -3.12373750e-04 0.0 -3.12373750e-04 0.0 -3.12373750e-04 0.0 -3.12373750e-04 0.0 -3.12373750e-04 0.0 -3.12373750e-04
 0.0 -3.11761856e-04 0.0 -3.11761856e-04 0.0 -3.11761856e-04 0.0 -3.11761856e-04 0.0 -3.11761856e-04 0.0 -3.11761856e-04
 0.0 -3.11152355e-04 0.0 -3.11152355e-04 0.0 -3.11152355e-04 0.0 -3.11152355e-04 0.0 -3.11152355e-04 0.0 -3.11152355e-04
