-0.000000e+00 -1.539391e-01 -0.000000e+00 -1.539391e-01
-0.000000e+00 -1.476826e-01 -0.000000e+00 -1.476826e-01
-0.000000e+00 -1.414990e-01 -0.000000e+00 -1.414990e-01
-0.000000e+00 -1.354330e-01 -0.000000e+00 -1.354330e-01
-0.000000e+00 -1.295246e-01 -0.000000e+00 -1.295246e-01
-0.000000e+00 -1.238069e-01 -0.000000e+00 -1.238069e-01
-0.000000e+00 -1.183064e-01 -0.000000e+00 -1.183064e-01
-0.000000e+00 -1.130421e-01 -0.000000e+00 -1.130421e-01
-0.000000e+00 -1.080265e-01 -0.000000e+00 -1.080265e-01
-0.000000e+00 -1.032657e-01 -0.000000e+00 -1.032657e-01
-0.000000e+00 -9.876083e-02 -0.000000e+00 -9.876083e-02
-0.000000e+00 -9.450852e-02 -0.000000e+00 -9.450852e-02
-0.000000e+00 -9.050226e-02 -0.000000e+00 -9.050226e-02
-0.000000e+00 -8.673307e-02 -0.000000e+00 -8.673307e-02
-0.000000e+00 -8.319032e-02 -0.000000e+00 -8.319032e-02
-0.000000e+00 -7.986232e-02 -0.000000e+00 -7.986232e-02
-0.000000e+00 -7.673684e-02 -0.000000e+00 -7.673684e-02
-0.000000e+00 -7.380154e-02 -0.000000e+00 -7.380154e-02
-0.000000e+00 -7.104417e-02 -0.000000e+00 -7.104417e-02
-0.000000e+00 -6.845287e-02 -0.000000e+00 -6.845287e-02
-0.000000e+00 -6.601627e-02 -0.000000e+00 -6.601627e-02
-0.000000e+00 -6.372354e-02 -0.000000e+00 -6.372354e-02
-0.000000e+00 -6.156454e-02 -0.000000e+00 -6.156454e-02
-0.000000e+00 -5.952973e-02 -0.000000e+00 -5.952973e-02
-0.000000e+00 -5.761024e-02 -0.000000e+00 -5.761024e-02
-0.000000e+00 -5.579785e-02 -0.000000e+00 -5.579785e-02
-0.000000e+00 -5.408493e-02 -0.000000e+00 -5.408493e-02
-0.000000e+00 -5.246444e-02 -0.000000e+00 -5.246444e-02
-0.000000e+00 -5.092987e-02 -0.000000e+00 -5.092987e-02
-0.000000e+00 -4.947525e-02 -0.000000e+00 -4.947525e-02
-0.000000e+00 -4.809504e-02 -0.000000e+00 -4.809504e-02
-0.000000e+00 -4.678418e-02 -0.000000e+00 -4.678418e-02
-0.000000e+00 -4.553798e-02 -0.000000e+00 -4.553798e-02
-0.000000e+00 -4.435213e-02 -0.000000e+00 -4.435213e-02
-0.000000e+00 -4.322266e-02 -0.000000e+00 -4.322266e-02
-0.000000e+00 -4.214591e-02 -0.000000e+00 -4.214591e-02
-0.000000e+00 -4.111851e-02 -0.000000e+00 -4.111851e-02
-0.000000e+00 -4.013735e-02 -0.000000e+00 -4.013735e-02
-0.000000e+00 -3.919955e-02 -0.000000e+00 -3.919955e-02
-0.000000e+00 -3.830244e-02 -0.000000e+00 -3.830244e-02
-0.000000e+00 -3.744359e-02 -0.000000e+00 -3.744359e-02
-0.000000e+00 -3.662070e-02 -0.000000e+00 -3.662070e-02
-0.000000e+00 -3.583166e-02 -0.000000e+00 -3.583166e-02
-0.000000e+00 -3.507454e-02 -0.000000e+00 -3.507454e-02
-0.000000e+00 -3.434750e-02 -0.000000e+00 -3.434750e-02
-0.000000e+00 -3.364887e-02 -0.000000e+00 -3.364887e-02
-0.000000e+00 -3.297707e-02 -0.000000e+00 -3.297707e-02
-0.000000e+00 -3.233065e-02 -0.000000e+00 -3.233065e-02
-0.000000e+00 -3.170824e-02 -0.000000e+00 -3.170824e-02
-0.000000e+00 -3.110858e-02 -0.000000e+00 -3.110858e-02
-0.000000e+00 -3.053048e-02 -0.000000e+00 -3.053048e-02
-0.000000e+00 -2.997284e-02 -0.000000e+00 -2.997284e-02
-0.000000e+00 -2.943463e-02 -0.000000e+00 -2.943463e-02
-0.000000e+00 -2.891487e-02 -0.000000e+00 -2.891487e-02
-0.000000e+00 -2.841265e-02 -0.000000e+00 -2.841265e-02
-0.000000e+00 -2.792714e-02 -0.000000e+00 -2.792714e-02
-0.000000e+00 -2.745753e-02 -0.000000e+00 -2.745753e-02
-0.000000e+00 -2.700307e-02 -0.000000e+00 -2.700307e-02
-0.000000e+00 -2.656306e-02 -0.000000e+00 -2.656306e-02
-0.000000e+00 -2.613684e-02 -0.000000e+00 -2.613684e-02
-0.000000e+00 -2.572378e-02 -0.000000e+00 -2.572378e-02
-0.000000e+00 -2.532330e-02 -0.000000e+00 -2.532330e-02
-0.000000e+00 -2.493484e-02 -0.000000e+00 -2.493484e-02
-0.000000e+00 -2.455788e-02 -0.000000e+00 -2.455788e-02
-0.000000e+00 -2.419193e-02 -0.000000e+00 -2.419193e-02
-0.000000e+00 -2.383652e-02 -0.000000e+00 -2.383652e-02
-0.000000e+00 -2.349121e-02 -0.000000e+00 -2.349121e-02
-0.000000e+00 -2.315558e-02 -0.000000e+00 -2.315558e-02
-0.000000e+00 -2.282925e-02 -0.000000e+00 -2.282925e-02
-0.000000e+00 -2.251183e-02 -0.000000e+00 -2.251183e-02
-0.000000e+00 -2.220298e-02 -0.000000e+00 -2.220298e-02
-0.000000e+00 -2.190235e-02 -0.000000e+00 -2.190235e-02
-0.000000e+00 -2.160963e-02 -0.000000e+00 -2.160963e-02
-0.000000e+00 -2.132451e-02 -0.000000e+00 -2.132451e-02
-0.000000e+00 -2.104671e-02 -0.000000e+00 -2.104671e-02
-0.000000e+00 -2.077595e-02 -0.000000e+00 -2.077595e-02
-0.000000e+00 -2.051197e-02 -0.000000e+00 -2.051197e-02
-0.000000e+00 -2.025452e-02 -0.000000e+00 -2.025452e-02
-0.000000e+00 -2.000337e-02 -0.000000e+00 -2.000337e-02
-0.000000e+00 -1.975830e-02 -0.000000e+00 -1.975830e-02
-0.000000e+00 -1.951907e-02 -0.000000e+00 -1.951907e-02
-0.000000e+00 -1.928551e-02 -0.000000e+00 -1.928551e-02
-0.000000e+00 -1.905740e-02 -0.000000e+00 -1.905740e-02
-0.000000e+00 -1.883455e-02 -0.000000e+00 -1.883455e-02
-0.000000e+00 -1.861680e-02 -0.000000e+00 -1.861680e-02
-0.000000e+00 -1.840397e-02 -0.000000e+00 -1.840397e-02
-0.000000e+00 -1.819590e-02 -0.000000e+00 -1.819590e-02
-0.000000e+00 -1.799243e-02 -0.000000e+00 -1.799243e-02
-0.000000e+00 -1.779342e-02 -0.000000e+00 -1.779342e-02
-0.000000e+00 -1.759871e-02 -0.000000e+00 -1.759871e-02
-0.000000e+00 -1.740818e-02 -0.000000e+00 -1.740818e-02
-0.000000e+00 -1.722168e-02 -0.000000e+00 -1.722168e-02
-0.000000e+00 -1.703910e-02 -0.000000e+00 -1.703910e-02
-0.000000e+00 -1.686032e-02 -0.000000e+00 -1.686032e-02
-0.000000e+00 -1.668521e-02 -0.000000e+00 -1.668521e-02
-0.000000e+00 -1.651367e-02 -0.000000e+00 -1.651367e-02
-0.000000e+00 -1.634559e-02 -0.000000e+00 -1.634559e-02
-0.000000e+00 -1.618087e-02 -0.000000e+00 -1.618087e-02
-0.000000e+00 -1.601941e-02 -0.000000e+00 -1.601941e-02
-0.000000e+00 -1.586111e-02 -0.000000e+00 -1.586111e-02
-0.000000e+00 -1.570588e-02 -0.000000e+00 -1.570588e-02
-0.000000e+00 -1.555364e-02 -0.000000e+00 -1.555364e-02
-0.000000e+00 -1.540430e-02 -0.000000e+00 -1.540430e-02
-0.000000e+00 -1.525778e-02 -0.000000e+00 -1.525778e-02
-0.000000e+00 -1.511399e-02 -0.000000e+00 -1.511399e-02
-0.000000e+00 -1.497287e-02 -0.000000e+00 -1.497287e-02
-0.000000e+00 -1.483435e-02 -0.000000e+00 -1.483435e-02
-0.000000e+00 -1.469834e-02 -0.000000e+00 -1.469834e-02
-0.000000e+00 -1.456479e-02 -0.000000e+00 -1.456479e-02
-0.000000e+00 -1.443362e-02 -0.000000e+00 -1.443362e-02
-0.000000e+00 -1.430479e-02 -0.000000e+00 -1.430479e-02
-0.000000e+00 -1.417821e-02 -0.000000e+00 -1.417821e-02
-0.000000e+00 -1.405384e-02 -0.000000e+00 -1.405384e-02
-0.000000e+00 -1.393162e-02 -0.000000e+00 -1.393162e-02
-0.000000e+00 -1.381150e-02 -0.000000e+00 -1.381150e-02
-0.000000e+00 -1.369341e-02 -0.000000e+00 -1.369341e-02
-0.000000e+00 -1.357732e-02 -0.000000e+00 -1.357732e-02
-0.000000e+00 -1.346316e-02 -0.000000e+00 -1.346316e-02
-0.000000e+00 -1.335090e-02 -0.000000e+00 -1.335090e-02
-0.000000e+00 -1.324049e-02 -0.000000e+00 -1.324049e-02
-0.000000e+00 -1.313187e-02 -0.000000e+00 -1.313187e-02
-0.000000e+00 -1.302501e-02 -0.000000e+00 -1.302501e-02
-0.000000e+00 -1.291987e-02 -0.000000e+00 -1.291987e-02
-0.000000e+00 -1.281640e-02 -0.000000e+00 -1.281640e-02
-0.000000e+00 -1.271457e-02 -0.000000e+00 -1.271457e-02
-0.000000e+00 -1.261433e-02 -0.000000e+00 -1.261433e-02
-0.000000e+00 -1.251566e-02 -0.000000e+00 -1.251566e-02
-0.000000e+00 -1.241851e-02 -0.000000e+00 -1.241851e-02
-0.000000e+00 -1.232284e-02 -0.000000e+00 -1.232284e-02
-0.000000e+00 -1.222863e-02 -0.000000e+00 -1.222863e-02
-0.000000e+00 -1.213585e-02 -0.000000e+00 -1.213585e-02
-0.000000e+00 -1.204446e-02 -0.000000e+00 -1.204446e-02
-0.000000e+00 -1.195442e-02 -0.000000e+00 -1.195442e-02
-0.000000e+00 -1.186572e-02 -0.000000e+00 -1.186572e-02
-0.000000e+00 -1.177831e-02 -0.000000e+00 -1.177831e-02
-0.000000e+00 -1.169218e-02 -0.000000e+00 -1.169218e-02
-0.000000e+00 -1.160729e-02 -0.000000e+00 -1.160729e-02
-0.000000e+00 -1.152362e-02 -0.000000e+00 -1.152362e-02
-0.000000e+00 -1.144115e-02 -0.000000e+00 -1.144115e-02
-0.000000e+00 -1.135984e-02 -0.000000e+00 -1.135984e-02
-0.000000e+00 -1.127967e-02 -0.000000e+00 -1.127967e-02
-0.000000e+00 -1.120062e-02 -0.000000e+00 -1.120062e-02
-0.000000e+00 -1.112267e-02 -0.000000e+00 -1.112267e-02
-0.000000e+00 -1.104579e-02 -0.000000e+00 -1.104579e-02
-0.000000e+00 -1.096997e-02 -0.000000e+00 -1.096997e-02
-0.000000e+00 -1.089517e-02 -0.000000e+00 -1.089517e-02
-0.000000e+00 -1.082138e-02 -0.000000e+00 -1.082138e-02
-0.000000e+00 -1.074858e-02 -0.000000e+00 -1.074858e-02
-0.000000e+00 -1.067675e-02 -0.000000e+00 -1.067675e-02
-0.000000e+00 -1.060587e-02 -0.000000e+00 -1.060587e-02
-0.000000e+00 -1.053592e-02 -0.000000e+00 -1.053592e-02
-0.000000e+00 -1.046688e-02 -0.000000e+00 -1.046688e-02
-0.000000e+00 -1.039874e-02 -0.000000e+00 -1.039874e-02
-0.000000e+00 -1.033148e-02 -0.000000e+00 -1.033148e-02
-0.000000e+00 -1.026508e-02 -0.000000e+00 -1.026508e-02
-0.000000e+00 -1.019953e-02 -0.000000e+00 -1.019953e-02
-0.000000e+00 -1.013480e-02 -0.000000e+00 -1.013480e-02
-0.000000e+00 -1.007089e-02 -0.000000e+00 -1.007089e-02
-0.000000e+00 -1.000778e-02 -0.000000e+00 -1.000778e-02
-0.000000e+00 -9.945445e-03 -0.000000e+00 -9.945445e-03
-0.000000e+00 -9.883884e-03 -0.000000e+00 -9.883884e-03
-0.000000e+00 -9.823078e-03 -0.000000e+00 -9.823078e-03
-0.000000e+00 -9.763012e-03 -0.000000e+00 -9.763012e-03
-0.000000e+00 -9.703675e-03 -0.000000e+00 -9.703675e-03
-0.000000e+00 -9.645052e-03 -0.000000e+00 -9.645052e-03
-0.000000e+00 -9.587132e-03 -0.000000e+00 -9.587132e-03
-0.000000e+00 -9.529900e-03 -0.000000e+00 -9.529900e-03
-0.000000e+00 -9.473346e-03 -0.000000e+00 -9.473346e-03
-0.000000e+00 -9.417457e-03 -0.000000e+00 -9.417457e-03
-0.000000e+00 -9.362222e-03 -0.000000e+00 -9.362222e-03
-0.000000e+00 -9.307629e-03 -0.000000e+00 -9.307629e-03
-0.000000e+00 -9.253668e-03 -0.000000e+00 -9.253668e-03
-0.000000e+00 -9.200326e-03 -0.000000e+00 -9.200326e-03
-0.000000e+00 -9.147595e-03 -0.000000e+00 -9.147595e-03
-0.000000e+00 -9.095462e-03 -0.000000e+00 -9.095462e-03
-0.000000e+00 -9.043919e-03 -0.000000e+00 -9.043919e-03
-0.000000e+00 -8.992956e-03 -0.000000e+00 -8.992956e-03
-0.000000e+00 -8.942561e-03 -0.000000e+00 -8.942561e-03
-0.000000e+00 -8.892728e-03 -0.000000e+00 -8.892728e-03
-0.000000e+00 -8.843444e-03 -0.000000e+00 -8.843444e-03
-0.000000e+00 -8.794703e-03 -0.000000e+00 -8.794703e-03
-0.000000e+00 -8.746495e-03 -0.000000e+00 -8.746495e-03
-0.000000e+00 -8.698811e-03 -0.000000e+00 -8.698811e-03
-0.000000e+00 -8.651643e-03 -0.000000e+00 -8.651643e-03
-0.000000e+00 -8.604982e-03 -0.000000e+00 -8.604982e-03
-0.000000e+00 -8.558821e-03 -0.000000e+00 -8.558821e-03
-0.000000e+00 -8.513151e-03 -0.000000e+00 -8.513151e-03
-0.000000e+00 -8.467965e-03 -0.000000e+00 -8.467965e-03
-0.000000e+00 -8.423255e-03 -0.000000e+00 -8.423255e-03
-0.000000e+00 -8.379013e-03 -0.000000e+00 -8.379013e-03
-0.000000e+00 -8.335233e-03 -0.000000e+00 -8.335233e-03
-0.000000e+00 -8.291907e-03 -0.000000e+00 -8.291907e-03
-0.000000e+00 -8.249028e-03 -0.000000e+00 -8.249028e-03
-0.000000e+00 -8.206589e-03 -0.000000e+00 -8.206589e-03
-0.000000e+00 -8.164583e-03 -0.000000e+00 -8.164583e-03
-0.000000e+00 -8.123004e-03 -0.000000e+00 -8.123004e-03
-0.000000e+00 -8.081846e-03 -0.000000e+00 -8.081846e-03
-0.000000e+00 -8.041102e-03 -0.000000e+00 -8.041102e-03
-0.000000e+00 -8.000766e-03 -0.000000e+00 -8.000766e-03
-0.000000e+00 -7.960831e-03 -0.000000e+00 -7.960831e-03
-0.000000e+00 -7.921293e-03 -0.000000e+00 -7.921293e-03
-0.000000e+00 -7.882144e-03 -0.000000e+00 -7.882144e-03
-0.000000e+00 -7.843380e-03 -0.000000e+00 -7.843380e-03
-0.000000e+00 -7.804994e-03 -0.000000e+00 -7.804994e-03
-0.000000e+00 -7.766982e-03 -0.000000e+00 -7.766982e-03
-0.000000e+00 -7.729337e-03 -0.000000e+00 -7.729337e-03
-0.000000e+00 -7.692054e-03 -0.000000e+00 -7.692054e-03
-0.000000e+00 -7.655129e-03 -0.000000e+00 -7.655129e-03
-0.000000e+00 -7.618556e-03 -0.000000e+00 -7.618556e-03
-0.000000e+00 -7.582330e-03 -0.000000e+00 -7.582330e-03
-0.000000e+00 -7.546447e-03 -0.000000e+00 -7.546447e-03
-0.000000e+00 -7.510901e-03 -0.000000e+00 -7.510901e-03
-0.000000e+00 -7.475687e-03 -0.000000e+00 -7.475687e-03
-0.000000e+00 -7.440801e-03 -0.000000e+00 -7.440801e-03
-0.000000e+00 -7.406239e-03 -0.000000e+00 -7.406239e-03
-0.000000e+00 -7.371996e-03 -0.000000e+00 -7.371996e-03
-0.000000e+00 -7.338068e-03 -0.000000e+00 -7.338068e-03
-0.000000e+00 -7.304450e-03 -0.000000e+00 -7.304450e-03
-0.000000e+00 -7.271138e-03 -0.000000e+00 -7.271138e-03
-0.000000e+00 -7.238128e-03 -0.000000e+00 -7.238128e-03
-0.000000e+00 -7.205416e-03 -0.000000e+00 -7.205416e-03
-0.000000e+00 -7.172997e-03 -0.000000e+00 -7.172997e-03
-0.000000e+00 -7.140869e-03 -0.000000e+00 -7.140869e-03
-0.000000e+00 -7.109026e-03 -0.000000e+00 -7.109026e-03
-0.000000e+00 -7.077466e-03 -0.000000e+00 -7.077466e-03
-0.000000e+00 -7.046185e-03 -0.000000e+00 -7.046185e-03
-0.000000e+00 -7.015178e-03 -0.000000e+00 -7.015178e-03
-0.000000e+00 -6.984442e-03 -0.000000e+00 -6.984442e-03
-0.000000e+00 -6.953974e-03 -0.000000e+00 -6.953974e-03
-0.000000e+00 -6.923771e-03 -0.000000e+00 -6.923771e-03
-0.000000e+00 -6.893828e-03 -0.000000e+00 -6.893828e-03
-0.000000e+00 -6.864143e-03 -0.000000e+00 -6.864143e-03
-0.000000e+00 -6.834712e-03 -0.000000e+00 -6.834712e-03
-0.000000e+00 -6.805531e-03 -0.000000e+00 -6.805531e-03
-0.000000e+00 -6.776599e-03 -0.000000e+00 -6.776599e-03
-0.000000e+00 -6.747911e-03 -0.000000e+00 -6.747911e-03
-0.000000e+00 -6.719465e-03 -0.000000e+00 -6.719465e-03
-0.000000e+00 -6.691257e-03 -0.000000e+00 -6.691257e-03
-0.000000e+00 -6.663284e-03 -0.000000e+00 -6.663284e-03
-0.000000e+00 -6.635544e-03 -0.000000e+00 -6.635544e-03
-0.000000e+00 -6.608034e-03 -0.000000e+00 -6.608034e-03
-0.000000e+00 -6.580751e-03 -0.000000e+00 -6.580751e-03
-0.000000e+00 -6.553691e-03 -0.000000e+00 -6.553691e-03
-0.000000e+00 -6.526853e-03 -0.000000e+00 -6.526853e-03
-0.000000e+00 -6.500234e-03 -0.000000e+00 -6.500234e-03
-0.000000e+00 -6.473831e-03 -0.000000e+00 -6.473831e-03
-0.000000e+00 -6.447640e-03 -0.000000e+00 -6.447640e-03
-0.000000e+00 -6.421661e-03 -0.000000e+00 -6.421661e-03
-0.000000e+00 -6.395890e-03 -0.000000e+00 -6.395890e-03
-0.000000e+00 -6.370324e-03 -0.000000e+00 -6.370324e-03
-0.000000e+00 -6.344962e-03 -0.000000e+00 -6.344962e-03
-0.000000e+00 -6.319801e-03 -0.000000e+00 -6.319801e-03
-0.000000e+00 -6.294838e-03 -0.000000e+00 -6.294838e-03
-0.000000e+00 -6.270072e-03 -0.000000e+00 -6.270072e-03
-0.000000e+00 -6.245499e-03 -0.000000e+00 -6.245499e-03
-0.000000e+00 -6.221118e-03 -0.000000e+00 -6.221118e-03
-0.000000e+00 -6.196926e-03 -0.000000e+00 -6.196926e-03
-0.000000e+00 -6.172922e-03 -0.000000e+00 -6.172922e-03
-0.000000e+00 -6.149102e-03 -0.000000e+00 -6.149102e-03
-0.000000e+00 -6.125466e-03 -0.000000e+00 -6.125466e-03
-0.000000e+00 -6.102010e-03 -0.000000e+00 -6.102010e-03
-0.000000e+00 -6.078733e-03 -0.000000e+00 -6.078733e-03
-0.000000e+00 -6.055632e-03 -0.000000e+00 -6.055632e-03
-0.000000e+00 -6.032707e-03 -0.000000e+00 -6.032707e-03
-0.000000e+00 -6.009954e-03 -0.000000e+00 -6.009954e-03
-0.000000e+00 -5.987372e-03 -0.000000e+00 -5.987372e-03
-0.000000e+00 -5.964958e-03 -0.000000e+00 -5.964958e-03
-0.000000e+00 -5.942712e-03 -0.000000e+00 -5.942712e-03
-0.000000e+00 -5.920631e-03 -0.000000e+00 -5.920631e-03
-0.000000e+00 -5.898713e-03 -0.000000e+00 -5.898713e-03
-0.000000e+00 -5.876956e-03 -0.000000e+00 -5.876956e-03
-0.000000e+00 -5.855360e-03 -0.000000e+00 -5.855360e-03
-0.000000e+00 -5.833921e-03 -0.000000e+00 -5.833921e-03
-0.000000e+00 -5.812638e-03 -0.000000e+00 -5.812638e-03
-0.000000e+00 -5.791510e-03 -0.000000e+00 -5.791510e-03
-0.000000e+00 -5.770535e-03 -0.000000e+00 -5.770535e-03
-0.000000e+00 -5.749711e-03 -0.000000e+00 -5.749711e-03
-0.000000e+00 -5.729037e-03 -0.000000e+00 -5.729037e-03
-0.000000e+00 -5.708511e-03 -0.000000e+00 -5.708511e-03
-0.000000e+00 -5.688131e-03 -0.000000e+00 -5.688131e-03
-0.000000e+00 -5.667896e-03 -0.000000e+00 -5.667896e-03
-0.000000e+00 -5.647804e-03 -0.000000e+00 -5.647804e-03
-0.000000e+00 -5.627854e-03 -0.000000e+00 -5.627854e-03
-0.000000e+00 -5.608044e-03 -0.000000e+00 -5.608044e-03
-0.000000e+00 -5.588374e-03 -0.000000e+00 -5.588374e-03
-0.000000e+00 -5.568840e-03 -0.000000e+00 -5.568840e-03
-0.000000e+00 -5.549443e-03 -0.000000e+00 -5.549443e-03
-0.000000e+00 -5.530180e-03 -0.000000e+00 -5.530180e-03
-0.000000e+00 -5.511050e-03 -0.000000e+00 -5.511050e-03
-0.000000e+00 -5.492052e-03 -0.000000e+00 -5.492052e-03
-0.000000e+00 -5.473184e-03 -0.000000e+00 -5.473184e-03
-0.000000e+00 -5.454445e-03 -0.000000e+00 -5.454445e-03
-0.000000e+00 -5.435834e-03 -0.000000e+00 -5.435834e-03
-0.000000e+00 -5.417350e-03 -0.000000e+00 -5.417350e-03
-0.000000e+00 -5.398991e-03 -0.000000e+00 -5.398991e-03
-0.000000e+00 -5.380755e-03 -0.000000e+00 -5.380755e-03
-0.000000e+00 -5.362642e-03 -0.000000e+00 -5.362642e-03
-0.000000e+00 -5.344651e-03 -0.000000e+00 -5.344651e-03
-0.000000e+00 -5.326780e-03 -0.000000e+00 -5.326780e-03
-0.000000e+00 -5.309028e-03 -0.000000e+00 -5.309028e-03
-0.000000e+00 -5.291394e-03 -0.000000e+00 -5.291394e-03
-0.000000e+00 -5.273876e-03 -0.000000e+00 -5.273876e-03
-0.000000e+00 -5.256474e-03 -0.000000e+00 -5.256474e-03
-0.000000e+00 -5.239186e-03 -0.000000e+00 -5.239186e-03
-0.000000e+00 -5.222011e-03 -0.000000e+00 -5.222011e-03
-0.000000e+00 -5.204949e-03 -0.000000e+00 -5.204949e-03
-0.000000e+00 -5.187998e-03 -0.000000e+00 -5.187998e-03
-0.000000e+00 -5.171156e-03 -0.000000e+00 -5.171156e-03
-0.000000e+00 -5.154424e-03 -0.000000e+00 -5.154424e-03
-0.000000e+00 -5.137799e-03 -0.000000e+00 -5.137799e-03
-0.000000e+00 -5.121281e-03 -0.000000e+00 -5.121281e-03
-0.000000e+00 -5.104869e-03 -0.000000e+00 -5.104869e-03
-0.000000e+00 -5.088562e-03 -0.000000e+00 -5.088562e-03
-0.000000e+00 -5.072358e-03 -0.000000e+00 -5.072358e-03
-0.000000e+00 -5.056257e-03 -0.000000e+00 -5.056257e-03
-0.000000e+00 -5.040258e-03 -0.000000e+00 -5.040258e-03
-0.000000e+00 -5.024360e-03 -0.000000e+00 -5.024360e-03
-0.000000e+00 -5.008562e-03 -0.000000e+00 -5.008562e-03
-0.000000e+00 -4.992862e-03 -0.000000e+00 -4.992862e-03
-0.000000e+00 -4.977261e-03 -0.000000e+00 -4.977261e-03
-0.000000e+00 -4.961757e-03 -0.000000e+00 -4.961757e-03
-0.000000e+00 -4.946349e-03 -0.000000e+00 -4.946349e-03
-0.000000e+00 -4.931036e-03 -0.000000e+00 -4.931036e-03
-0.000000e+00 -4.915818e-03 -0.000000e+00 -4.915818e-03
-0.000000e+00 -4.900694e-03 -0.000000e+00 -4.900694e-03
-0.000000e+00 -4.885662e-03 -0.000000e+00 -4.885662e-03
-0.000000e+00 -4.870722e-03 -0.000000e+00 -4.870722e-03
-0.000000e+00 -4.855873e-03 -0.000000e+00 -4.855873e-03
-0.000000e+00 -4.841114e-03 -0.000000e+00 -4.841114e-03
-0.000000e+00 -4.826444e-03 -0.000000e+00 -4.826444e-03
-0.000000e+00 -4.811863e-03 -0.000000e+00 -4.811863e-03
-0.000000e+00 -4.797370e-03 -0.000000e+00 -4.797370e-03
-0.000000e+00 -4.782964e-03 -0.000000e+00 -4.782964e-03
-0.000000e+00 -4.768644e-03 -0.000000e+00 -4.768644e-03
-0.000000e+00 -4.754410e-03 -0.000000e+00 -4.754410e-03
-0.000000e+00 -4.740260e-03 -0.000000e+00 -4.740260e-03
-0.000000e+00 -4.726194e-03 -0.000000e+00 -4.726194e-03
-0.000000e+00 -4.712211e-03 -0.000000e+00 -4.712211e-03
-0.000000e+00 -4.698311e-03 -0.000000e+00 -4.698311e-03
-0.000000e+00 -4.684492e-03 -0.000000e+00 -4.684492e-03
-0.000000e+00 -4.670754e-03 -0.000000e+00 -4.670754e-03
-0.000000e+00 -4.657097e-03 -0.000000e+00 -4.657097e-03
-0.000000e+00 -4.643519e-03 -0.000000e+00 -4.643519e-03
-0.000000e+00 -4.630020e-03 -0.000000e+00 -4.630020e-03
-0.000000e+00 -4.616600e-03 -0.000000e+00 -4.616600e-03
-0.000000e+00 -4.603256e-03 -0.000000e+00 -4.603256e-03
-0.000000e+00 -4.589990e-03 -0.000000e+00 -4.589990e-03
-0.000000e+00 -4.576800e-03 -0.000000e+00 -4.576800e-03
-0.000000e+00 -4.563685e-03 -0.000000e+00 -4.563685e-03
-0.000000e+00 -4.550646e-03 -0.000000e+00 -4.550646e-03
-0.000000e+00 -4.537680e-03 -0.000000e+00 -4.537680e-03
-0.000000e+00 -4.524788e-03 -0.000000e+00 -4.524788e-03
-0.000000e+00 -4.511970e-03 -0.000000e+00 -4.511970e-03
-0.000000e+00 -4.499223e-03 -0.000000e+00 -4.499223e-03
-0.000000e+00 -4.486548e-03 -0.000000e+00 -4.486548e-03
-0.000000e+00 -4.473945e-03 -0.000000e+00 -4.473945e-03
-0.000000e+00 -4.461412e-03 -0.000000e+00 -4.461412e-03
-0.000000e+00 -4.448949e-03 -0.000000e+00 -4.448949e-03
-0.000000e+00 -4.436555e-03 -0.000000e+00 -4.436555e-03
-0.000000e+00 -4.424231e-03 -0.000000e+00 -4.424231e-03
-0.000000e+00 -4.411974e-03 -0.000000e+00 -4.411974e-03
-0.000000e+00 -4.399785e-03 -0.000000e+00 -4.399785e-03
-0.000000e+00 -4.387663e-03 -0.000000e+00 -4.387663e-03
-0.000000e+00 -4.375608e-03 -0.000000e+00 -4.375608e-03
-0.000000e+00 -4.363619e-03 -0.000000e+00 -4.363619e-03
-0.000000e+00 -4.351695e-03 -0.000000e+00 -4.351695e-03
-0.000000e+00 -4.339837e-03 -0.000000e+00 -4.339837e-03
-0.000000e+00 -4.328042e-03 -0.000000e+00 -4.328042e-03
-0.000000e+00 -4.316312e-03 -0.000000e+00 -4.316312e-03
-0.000000e+00 -4.304645e-03 -0.000000e+00 -4.304645e-03
-0.000000e+00 -4.293041e-03 -0.000000e+00 -4.293041e-03
-0.000000e+00 -4.281499e-03 -0.000000e+00 -4.281499e-03
-0.000000e+00 -4.270019e-03 -0.000000e+00 -4.270019e-03
-0.000000e+00 -4.258600e-03 -0.000000e+00 -4.258600e-03
-0.000000e+00 -4.247242e-03 -0.000000e+00 -4.247242e-03
-0.000000e+00 -4.235945e-03 -0.000000e+00 -4.235945e-03
-0.000000e+00 -4.224708e-03 -0.000000e+00 -4.224708e-03
-0.000000e+00 -4.213530e-03 -0.000000e+00 -4.213530e-03
-0.000000e+00 -4.202411e-03 -0.000000e+00 -4.202411e-03
-0.000000e+00 -4.191350e-03 -0.000000e+00 -4.191350e-03
-0.000000e+00 -4.180348e-03 -0.000000e+00 -4.180348e-03
-0.000000e+00 -4.169403e-03 -0.000000e+00 -4.169403e-03
-0.000000e+00 -4.158515e-03 -0.000000e+00 -4.158515e-03
-0.000000e+00 -4.147684e-03 -0.000000e+00 -4.147684e-03
-0.000000e+00 -4.136909e-03 -0.000000e+00 -4.136909e-03
-0.000000e+00 -4.126190e-03 -0.000000e+00 -4.126190e-03
-0.000000e+00 -4.115526e-03 -0.000000e+00 -4.115526e-03
-0.000000e+00 -4.104917e-03 -0.000000e+00 -4.104917e-03
-0.000000e+00 -4.094363e-03 -0.000000e+00 -4.094363e-03
-0.000000e+00 -4.083863e-03 -0.000000e+00 -4.083863e-03
-0.000000e+00 -4.073416e-03 -0.000000e+00 -4.073416e-03
-0.000000e+00 -4.063023e-03 -0.000000e+00 -4.063023e-03
-0.000000e+00 -4.052683e-03 -0.000000e+00 -4.052683e-03
-0.000000e+00 -4.042395e-03 -0.000000e+00 -4.042395e-03
-0.000000e+00 -4.032159e-03 -0.000000e+00 -4.032159e-03
-0.000000e+00 -4.021975e-03 -0.000000e+00 -4.021975e-03
-0.000000e+00 -4.011842e-03 -0.000000e+00 -4.011842e-03
-0.000000e+00 -4.001760e-03 -0.000000e+00 -4.001760e-03
-0.000000e+00 -3.991729e-03 -0.000000e+00 -3.991729e-03
-0.000000e+00 -3.981748e-03 -0.000000e+00 -3.981748e-03
-0.000000e+00 -3.971816e-03 -0.000000e+00 -3.971816e-03
-0.000000e+00 -3.961934e-03 -0.000000e+00 -3.961934e-03
-0.000000e+00 -3.952101e-03 -0.000000e+00 -3.952101e-03
-0.000000e+00 -3.942317e-03 -0.000000e+00 -3.942317e-03
-0.000000e+00 -3.932581e-03 -0.000000e+00 -3.932581e-03
-0.000000e+00 -3.922893e-03 -0.000000e+00 -3.922893e-03
-0.000000e+00 -3.913252e-03 -0.000000e+00 -3.913252e-03
-0.000000e+00 -3.903659e-03 -0.000000e+00 -3.903659e-03
-0.000000e+00 -3.894112e-03 -0.000000e+00 -3.894112e-03
-0.000000e+00 -3.884612e-03 -0.000000e+00 -3.884612e-03
-0.000000e+00 -3.875159e-03 -0.000000e+00 -3.875159e-03
-0.000000e+00 -3.865751e-03 -0.000000e+00 -3.865751e-03
-0.000000e+00 -3.856389e-03 -0.000000e+00 -3.856389e-03
-0.000000e+00 -3.847072e-03 -0.000000e+00 -3.847072e-03
-0.000000e+00 -3.837800e-03 -0.000000e+00 -3.837800e-03
-0.000000e+00 -3.828572e-03 -0.000000e+00 -3.828572e-03
-0.000000e+00 -3.819389e-03 -0.000000e+00 -3.819389e-03
-0.000000e+00 -3.810249e-03 -0.000000e+00 -3.810249e-03
-0.000000e+00 -3.801154e-03 -0.000000e+00 -3.801154e-03
-0.000000e+00 -3.792101e-03 -0.000000e+00 -3.792101e-03
-0.000000e+00 -3.783092e-03 -0.000000e+00 -3.783092e-03
-0.000000e+00 -3.774125e-03 -0.000000e+00 -3.774125e-03
-0.000000e+00 -3.765201e-03 -0.000000e+00 -3.765201e-03
-0.000000e+00 -3.756318e-03 -0.000000e+00 -3.756318e-03
-0.000000e+00 -3.747478e-03 -0.000000e+00 -3.747478e-03
-0.000000e+00 -3.738679e-03 -0.000000e+00 -3.738679e-03
-0.000000e+00 -3.729921e-03 -0.000000e+00 -3.729921e-03
-0.000000e+00 -3.721204e-03 -0.000000e+00 -3.721204e-03
-0.000000e+00 -3.712528e-03 -0.000000e+00 -3.712528e-03
-0.000000e+00 -3.703892e-03 -0.000000e+00 -3.703892e-03
-0.000000e+00 -3.695296e-03 -0.000000e+00 -3.695296e-03
-0.000000e+00 -3.686740e-03 -0.000000e+00 -3.686740e-03
-0.000000e+00 -3.678223e-03 -0.000000e+00 -3.678223e-03
-0.000000e+00 -3.669746e-03 -0.000000e+00 -3.669746e-03
-0.000000e+00 -3.661308e-03 -0.000000e+00 -3.661308e-03
-0.000000e+00 -3.652908e-03 -0.000000e+00 -3.652908e-03
-0.000000e+00 -3.644547e-03 -0.000000e+00 -3.644547e-03
-0.000000e+00 -3.636224e-03 -0.000000e+00 -3.636224e-03
-0.000000e+00 -3.627939e-03 -0.000000e+00 -3.627939e-03
-0.000000e+00 -3.619691e-03 -0.000000e+00 -3.619691e-03
-0.000000e+00 -3.611481e-03 -0.000000e+00 -3.611481e-03
-0.000000e+00 -3.603308e-03 -0.000000e+00 -3.603308e-03
-0.000000e+00 -3.595172e-03 -0.000000e+00 -3.595172e-03
-0.000000e+00 -3.587073e-03 -0.000000e+00 -3.587073e-03
-0.000000e+00 -3.579010e-03 -0.000000e+00 -3.579010e-03
-0.000000e+00 -3.570983e-03 -0.000000e+00 -3.570983e-03
-0.000000e+00 -3.562992e-03 -0.000000e+00 -3.562992e-03
-0.000000e+00 -3.555037e-03 -0.000000e+00 -3.555037e-03
-0.000000e+00 -3.547117e-03 -0.000000e+00 -3.547117e-03
-0.000000e+00 -3.539232e-03 -0.000000e+00 -3.539232e-03
-0.000000e+00 -3.531382e-03 -0.000000e+00 -3.531382e-03
-0.000000e+00 -3.523567e-03 -0.000000e+00 -3.523567e-03
-0.000000e+00 -3.515787e-03 -0.000000e+00 -3.515787e-03
-0.000000e+00 -3.508041e-03 -0.000000e+00 -3.508041e-03
-0.000000e+00 -3.500329e-03 -0.000000e+00 -3.500329e-03
-0.000000e+00 -3.492650e-03 -0.000000e+00 -3.492650e-03
-0.000000e+00 -3.485006e-03 -0.000000e+00 -3.485006e-03
-0.000000e+00 -3.477394e-03 -0.000000e+00 -3.477394e-03
-0.000000e+00 -3.469816e-03 -0.000000e+00 -3.469816e-03
-0.000000e+00 -3.462271e-03 -0.000000e+00 -3.462271e-03
-0.000000e+00 -3.454758e-03 -0.000000e+00 -3.454758e-03
-0.000000e+00 -3.447278e-03 -0.000000e+00 -3.447278e-03
-0.000000e+00 -3.439831e-03 -0.000000e+00 -3.439831e-03
-0.000000e+00 -3.432415e-03 -0.000000e+00 -3.432415e-03
-0.000000e+00 -3.425031e-03 -0.000000e+00 -3.425031e-03
-0.000000e+00 -3.417679e-03 -0.000000e+00 -3.417679e-03
-0.000000e+00 -3.410359e-03 -0.000000e+00 -3.410359e-03
-0.000000e+00 -3.403070e-03 -0.000000e+00 -3.403070e-03
-0.000000e+00 -3.395811e-03 -0.000000e+00 -3.395811e-03
-0.000000e+00 -3.388584e-03 -0.000000e+00 -3.388584e-03
-0.000000e+00 -3.381387e-03 -0.000000e+00 -3.381387e-03
-0.000000e+00 -3.374221e-03 -0.000000e+00 -3.374221e-03
-0.000000e+00 -3.367086e-03 -0.000000e+00 -3.367086e-03
-0.000000e+00 -3.359980e-03 -0.000000e+00 -3.359980e-03
-0.000000e+00 -3.352904e-03 -0.000000e+00 -3.352904e-03
-0.000000e+00 -3.345858e-03 -0.000000e+00 -3.345858e-03
-0.000000e+00 -3.338841e-03 -0.000000e+00 -3.338841e-03
-0.000000e+00 -3.331854e-03 -0.000000e+00 -3.331854e-03
-0.000000e+00 -3.324896e-03 -0.000000e+00 -3.324896e-03
-0.000000e+00 -3.317967e-03 -0.000000e+00 -3.317967e-03
-0.000000e+00 -3.311067e-03 -0.000000e+00 -3.311067e-03
-0.000000e+00 -3.304196e-03 -0.000000e+00 -3.304196e-03
-0.000000e+00 -3.297353e-03 -0.000000e+00 -3.297353e-03
-0.000000e+00 -3.290538e-03 -0.000000e+00 -3.290538e-03
-0.000000e+00 -3.283751e-03 -0.000000e+00 -3.283751e-03
-0.000000e+00 -3.276992e-03 -0.000000e+00 -3.276992e-03
-0.000000e+00 -3.270261e-03 -0.000000e+00 -3.270261e-03
-0.000000e+00 -3.263558e-03 -0.000000e+00 -3.263558e-03
-0.000000e+00 -3.256882e-03 -0.000000e+00 -3.256882e-03
-0.000000e+00 -3.250233e-03 -0.000000e+00 -3.250233e-03
-0.000000e+00 -3.243611e-03 -0.000000e+00 -3.243611e-03
-0.000000e+00 -3.237016e-03 -0.000000e+00 -3.237016e-03
-0.000000e+00 -3.230448e-03 -0.000000e+00 -3.230448e-03
-0.000000e+00 -3.223907e-03 -0.000000e+00 -3.223907e-03
-0.000000e+00 -3.217392e-03 -0.000000e+00 -3.217392e-03
-0.000000e+00 -3.210903e-03 -0.000000e+00 -3.210903e-03
-0.000000e+00 -3.204440e-03 -0.000000e+00 -3.204440e-03
-0.000000e+00 -3.198004e-03 -0.000000e+00 -3.198004e-03
-0.000000e+00 -3.191593e-03 -0.000000e+00 -3.191593e-03
-0.000000e+00 -3.185208e-03 -0.000000e+00 -3.185208e-03
-0.000000e+00 -3.178848e-03 -0.000000e+00 -3.178848e-03
-0.000000e+00 -3.172513e-03 -0.000000e+00 -3.172513e-03
-0.000000e+00 -3.166204e-03 -0.000000e+00 -3.166204e-03
-0.000000e+00 -3.159920e-03 -0.000000e+00 -3.159920e-03
-0.000000e+00 -3.153661e-03 -0.000000e+00 -3.153661e-03
-0.000000e+00 -3.147426e-03 -0.000000e+00 -3.147426e-03
-0.000000e+00 -3.141216e-03 -0.000000e+00 -3.141216e-03
-0.000000e+00 -3.135031e-03 -0.000000e+00 -3.135031e-03
-0.000000e+00 -3.128869e-03 -0.000000e+00 -3.128869e-03
-0.000000e+00 -3.122732e-03 -0.000000e+00 -3.122732e-03
-0.000000e+00 -3.116619e-03 -0.000000e+00 -3.116619e-03
-0.000000e+00 -3.110530e-03 -0.000000e+00 -3.110530e-03
