0.0 -3.18309886e+00 0.0 -3.18309886e+00
0.0 -1.06103295e+00 0.0 -1.06103295e+00
0.0 -6.36619772e-01 0.0 -6.36619772e-01
0.0 -4.54728409e-01 0.0 -4.54728409e-01
0.0 -3.53677651e-01 0.0 -3.53677651e-01
0.0 -2.89372624e-01 0.0 -2.89372624e-01
0.0 -2.44853759e-01 0.0 -2.44853759e-01
0.0 -2.12206591e-01 0.0 -2.12206591e-01
0.0 -1.87241110e-01 0.0 -1.87241110e-01
0.0 -1.67531519e-01 0.0 -1.67531519e-01
0.0 -1.51576136e-01 0.0 -1.51576136e-01
0.0 -1.38395603e-01 0.0 -1.38395603e-01
0.0 -1.27323954e-01 0.0 -1.27323954e-01
0.0 -1.17892550e-01 0.0 -1.17892550e-01
0.0 -1.09762030e-01 0.0 -1.09762030e-01
0.0 -1.02680608e-01 0.0 -1.02680608e-01
0.0 -9.64575413e-02 0.0 -9.64575413e-02
0.0 -9.09456818e-02 0.0 -9.09456818e-02
0.0 -8.60296990e-02 0.0 -8.60296990e-02
0.0 -8.16179195e-02 0.0 -8.16179195e-02
0.0 -7.76365576e-02 0.0 -7.76365576e-02
0.0 -7.40255549e-02 0.0 -7.40255549e-02
0.0 -7.07355303e-02 0.0 -7.07355303e-02
0.0 -6.77255077e-02 0.0 -6.77255077e-02
0.0 -6.49612013e-02 0.0 -6.49612013e-02
0.0 -6.24137032e-02 0.0 -6.24137032e-02
0.0 -6.00584691e-02 0.0 -6.00584691e-02
0.0 -5.78745248e-02 0.0 -5.78745248e-02
0.0 -5.58438397e-02 0.0 -5.58438397e-02
0.0 -5.39508282e-02 0.0 -5.39508282e-02
0.0 -5.21819486e-02 0.0 -5.21819486e-02
0.0 -5.05253788e-02 0.0 -5.05253788e-02
0.0 -4.89707517e-02 0.0 -4.89707517e-02
0.0 -4.75089382e-02 0.0 -4.75089382e-02
0.0 -4.61318676e-02 0.0 -4.61318676e-02
0.0 -4.48323783e-02 0.0 -4.48323783e-02
0.0 -4.36040940e-02 0.0 -4.36040940e-02
0.0 -4.24413182e-02 0.0 -4.24413182e-02
0.0 -4.13389463e-02 0.0 -4.13389463e-02
0.0 -4.02923907e-02 0.0 -4.02923907e-02
0.0 -3.92975168e-02 0.0 -3.92975168e-02
0.0 -3.83505887e-02 0.0 -3.83505887e-02
0.0 -3.74482219e-02 0.0 -3.74482219e-02
0.0 -3.65873432e-02 0.0 -3.65873432e-02
0.0 -3.57651558e-02 0.0 -3.57651558e-02
0.0 -3.49791084e-02 0.0 -3.49791084e-02
0.0 -3.42268695e-02 0.0 -3.42268695e-02
0.0 -3.35063038e-02 0.0 -3.35063038e-02
0.0 -3.28154522e-02 0.0 -3.28154522e-02
0.0 -3.21525138e-02 0.0 -3.21525138e-02
0.0 -3.15158303e-02 0.0 -3.15158303e-02
0.0 -3.09038724e-02 0.0 -3.09038724e-02
0.0 -3.03152273e-02 0.0 -3.03152273e-02
0.0 -2.97485875e-02 0.0 -2.97485875e-02
0.0 -2.92027419e-02 0.0 -2.92027419e-02
0.0 -2.86765663e-02 0.0 -2.86765663e-02
0.0 -2.81690165e-02 0.0 -2.81690165e-02
0.0 -2.76791205e-02 0.0 -2.76791205e-02
0.0 -2.72059732e-02 0.0 -2.72059732e-02
0.0 -2.67487299e-02 0.0 -2.67487299e-02
0.0 -2.63066022e-02 0.0 -2.63066022e-02
0.0 -2.58788525e-02 0.0 -2.58788525e-02
0.0 -2.54647909e-02 0.0 -2.54647909e-02
0.0 -2.50637706e-02 0.0 -2.50637706e-02
0.0 -2.46751850e-02 0.0 -2.46751850e-02
0.0 -2.42984646e-02 0.0 -2.42984646e-02
0.0 -2.39330741e-02 0.0 -2.39330741e-02
0.0 -2.35785101e-02 0.0 -2.35785101e-02
0.0 -2.32342983e-02 0.0 -2.32342983e-02
0.0 -2.28999918e-02 0.0 -2.28999918e-02
0.0 -2.25751692e-02 0.0 -2.25751692e-02
0.0 -2.22594326e-02 0.0 -2.22594326e-02
0.0 -2.19524059e-02 0.0 -2.19524059e-02
0.0 -2.16537338e-02 0.0 -2.16537338e-02
0.0 -2.13630796e-02 0.0 -2.13630796e-02
0.0 -2.10801249e-02 0.0 -2.10801249e-02
0.0 -2.08045677e-02 0.0 -2.08045677e-02
0.0 -2.05361217e-02 0.0 -2.05361217e-02
0.0 -2.02745150e-02 0.0 -2.02745150e-02
0.0 -2.00194897e-02 0.0 -2.00194897e-02
0.0 -1.97708004e-02 0.0 -1.97708004e-02
0.0 -1.95282139e-02 0.0 -1.95282139e-02
0.0 -1.92915083e-02 0.0 -1.92915083e-02
0.0 -1.90604722e-02 0.0 -1.90604722e-02
0.0 -1.88349045e-02 0.0 -1.88349045e-02
0.0 -1.86146132e-02 0.0 -1.86146132e-02
0.0 -1.83994154e-02 0.0 -1.83994154e-02
0.0 -1.81891364e-02 0.0 -1.81891364e-02
0.0 -1.79836094e-02 0.0 -1.79836094e-02
0.0 -1.77826752e-02 0.0 -1.77826752e-02
0.0 -1.75861816e-02 0.0 -1.75861816e-02
0.0 -1.73939829e-02 0.0 -1.73939829e-02
0.0 -1.72059398e-02 0.0 -1.72059398e-02
0.0 -1.70219190e-02 0.0 -1.70219190e-02
0.0 -1.68417929e-02 0.0 -1.68417929e-02
0.0 -1.66654391e-02 0.0 -1.66654391e-02
0.0 -1.64927402e-02 0.0 -1.64927402e-02
0.0 -1.63235839e-02 0.0 -1.63235839e-02
0.0 -1.61578622e-02 0.0 -1.61578622e-02
0.0 -1.59954717e-02 0.0 -1.59954717e-02
0.0 -1.58363127e-02 0.0 -1.58363127e-02
0.0 -1.56802900e-02 0.0 -1.56802900e-02
0.0 -1.55273115e-02 0.0 -1.55273115e-02
0.0 -1.53772892e-02 0.0 -1.53772892e-02
0.0 -1.52301381e-02 0.0 -1.52301381e-02
0.0 -1.50857766e-02 0.0 -1.50857766e-02
0.0 -1.49441261e-02 0.0 -1.49441261e-02
0.0 -1.48051110e-02 0.0 -1.48051110e-02
0.0 -1.46686583e-02 0.0 -1.46686583e-02
0.0 -1.45346980e-02 0.0 -1.45346980e-02
0.0 -1.44031623e-02 0.0 -1.44031623e-02
0.0 -1.42739859e-02 0.0 -1.42739859e-02
0.0 -1.41471061e-02 0.0 -1.41471061e-02
0.0 -1.40224619e-02 0.0 -1.40224619e-02
0.0 -1.38999950e-02 0.0 -1.38999950e-02
0.0 -1.37796488e-02 0.0 -1.37796488e-02
0.0 -1.36613685e-02 0.0 -1.36613685e-02
0.0 -1.35451015e-02 0.0 -1.35451015e-02
0.0 -1.34307969e-02 0.0 -1.34307969e-02
0.0 -1.33184053e-02 0.0 -1.33184053e-02
0.0 -1.32078791e-02 0.0 -1.32078791e-02
0.0 -1.30991723e-02 0.0 -1.30991723e-02
0.0 -1.29922403e-02 0.0 -1.29922403e-02
0.0 -1.28870399e-02 0.0 -1.28870399e-02
0.0 -1.27835296e-02 0.0 -1.27835296e-02
0.0 -1.26816688e-02 0.0 -1.26816688e-02
0.0 -1.25814184e-02 0.0 -1.25814184e-02
0.0 -1.24827406e-02 0.0 -1.24827406e-02
0.0 -1.23855987e-02 0.0 -1.23855987e-02
0.0 -1.22899570e-02 0.0 -1.22899570e-02
0.0 -1.21957811e-02 0.0 -1.21957811e-02
0.0 -1.21030375e-02 0.0 -1.21030375e-02
0.0 -1.20116938e-02 0.0 -1.20116938e-02
0.0 -1.19217186e-02 0.0 -1.19217186e-02
0.0 -1.18330813e-02 0.0 -1.18330813e-02
0.0 -1.17457523e-02 0.0 -1.17457523e-02
0.0 -1.16597028e-02 0.0 -1.16597028e-02
0.0 -1.15749050e-02 0.0 -1.15749050e-02
0.0 -1.14913316e-02 0.0 -1.14913316e-02
0.0 -1.14089565e-02 0.0 -1.14089565e-02
0.0 -1.13277540e-02 0.0 -1.13277540e-02
0.0 -1.12476992e-02 0.0 -1.12476992e-02
0.0 -1.11687679e-02 0.0 -1.11687679e-02
0.0 -1.10909368e-02 0.0 -1.10909368e-02
0.0 -1.10141829e-02 0.0 -1.10141829e-02
0.0 -1.09384841e-02 0.0 -1.09384841e-02
0.0 -1.08638186e-02 0.0 -1.08638186e-02
0.0 -1.07901656e-02 0.0 -1.07901656e-02
0.0 -1.07175046e-02 0.0 -1.07175046e-02
0.0 -1.06458156e-02 0.0 -1.06458156e-02
0.0 -1.05750793e-02 0.0 -1.05750793e-02
0.0 -1.05052768e-02 0.0 -1.05052768e-02
0.0 -1.04363897e-02 0.0 -1.04363897e-02
0.0 -1.03684002e-02 0.0 -1.03684002e-02
0.0 -1.03012908e-02 0.0 -1.03012908e-02
0.0 -1.02350446e-02 0.0 -1.02350446e-02
0.0 -1.01696449e-02 0.0 -1.01696449e-02
0.0 -1.01050758e-02 0.0 -1.01050758e-02
0.0 -1.00413213e-02 0.0 -1.00413213e-02
0.0 -9.97836634e-03 0.0 -9.97836634e-03
0.0 -9.91619583e-03 0.0 -9.91619583e-03
0.0 -9.85479524e-03 0.0 -9.85479524e-03
0.0 -9.79415034e-03 0.0 -9.79415034e-03
0.0 -9.73424728e-03 0.0 -9.73424728e-03
0.0 -9.67507253e-03 0.0 -9.67507253e-03
0.0 -9.61661288e-03 0.0 -9.61661288e-03
0.0 -9.55885544e-03 0.0 -9.55885544e-03
0.0 -9.50178765e-03 0.0 -9.50178765e-03
0.0 -9.44539722e-03 0.0 -9.44539722e-03
0.0 -9.38967216e-03 0.0 -9.38967216e-03
0.0 -9.33460077e-03 0.0 -9.33460077e-03
0.0 -9.28017161e-03 0.0 -9.28017161e-03
0.0 -9.22637351e-03 0.0 -9.22637351e-03
0.0 -9.17319557e-03 0.0 -9.17319557e-03
0.0 -9.12062711e-03 0.0 -9.12062711e-03
0.0 -9.06865773e-03 0.0 -9.06865773e-03
0.0 -9.01727723e-03 0.0 -9.01727723e-03
0.0 -8.96647567e-03 0.0 -8.96647567e-03
0.0 -8.91624331e-03 0.0 -8.91624331e-03
0.0 -8.86657065e-03 0.0 -8.86657065e-03
0.0 -8.81744837e-03 0.0 -8.81744837e-03
0.0 -8.76886739e-03 0.0 -8.76886739e-03
0.0 -8.72081880e-03 0.0 -8.72081880e-03
0.0 -8.67329390e-03 0.0 -8.67329390e-03
0.0 -8.62628418e-03 0.0 -8.62628418e-03
0.0 -8.57978130e-03 0.0 -8.57978130e-03
0.0 -8.53377711e-03 0.0 -8.53377711e-03
0.0 -8.48826363e-03 0.0 -8.48826363e-03
0.0 -8.44323306e-03 0.0 -8.44323306e-03
0.0 -8.39867774e-03 0.0 -8.39867774e-03
0.0 -8.35459019e-03 0.0 -8.35459019e-03
0.0 -8.31096309e-03 0.0 -8.31096309e-03
0.0 -8.26778925e-03 0.0 -8.26778925e-03
0.0 -8.22506166e-03 0.0 -8.22506166e-03
0.0 -8.18277342e-03 0.0 -8.18277342e-03
0.0 -8.14091781e-03 0.0 -8.14091781e-03
0.0 -8.09948820e-03 0.0 -8.09948820e-03
0.0 -8.05847813e-03 0.0 -8.05847813e-03
0.0 -8.01788126e-03 0.0 -8.01788126e-03
0.0 -7.97769138e-03 0.0 -7.97769138e-03
0.0 -7.93790240e-03 0.0 -7.93790240e-03
0.0 -7.89850834e-03 0.0 -7.89850834e-03
0.0 -7.85950336e-03 0.0 -7.85950336e-03
0.0 -7.82088172e-03 0.0 -7.82088172e-03
0.0 -7.78263780e-03 0.0 -7.78263780e-03
0.0 -7.74476609e-03 0.0 -7.74476609e-03
0.0 -7.70726117e-03 0.0 -7.70726117e-03
0.0 -7.67011774e-03 0.0 -7.67011774e-03
0.0 -7.63333060e-03 0.0 -7.63333060e-03
0.0 -7.59689466e-03 0.0 -7.59689466e-03
0.0 -7.56080490e-03 0.0 -7.56080490e-03
0.0 -7.52505641e-03 0.0 -7.52505641e-03
0.0 -7.48964438e-03 0.0 -7.48964438e-03
0.0 -7.45456408e-03 0.0 -7.45456408e-03
0.0 -7.41981087e-03 0.0 -7.41981087e-03
0.0 -7.38538019e-03 0.0 -7.38538019e-03
0.0 -7.35126758e-03 0.0 -7.35126758e-03
0.0 -7.31746865e-03 0.0 -7.31746865e-03
0.0 -7.28397909e-03 0.0 -7.28397909e-03
0.0 -7.25079467e-03 0.0 -7.25079467e-03
0.0 -7.21791125e-03 0.0 -7.21791125e-03
0.0 -7.18532474e-03 0.0 -7.18532474e-03
0.0 -7.15303115e-03 0.0 -7.15303115e-03
0.0 -7.12102654e-03 0.0 -7.12102654e-03
0.0 -7.08930704e-03 0.0 -7.08930704e-03
0.0 -7.05786887e-03 0.0 -7.05786887e-03
0.0 -7.02670830e-03 0.0 -7.02670830e-03
0.0 -6.99582167e-03 0.0 -6.99582167e-03
0.0 -6.96520539e-03 0.0 -6.96520539e-03
0.0 -6.93485591e-03 0.0 -6.93485591e-03
0.0 -6.90476977e-03 0.0 -6.90476977e-03
0.0 -6.87494355e-03 0.0 -6.87494355e-03
0.0 -6.84537390e-03 0.0 -6.84537390e-03
0.0 -6.81605752e-03 0.0 -6.81605752e-03
0.0 -6.78699118e-03 0.0 -6.78699118e-03
0.0 -6.75817168e-03 0.0 -6.75817168e-03
0.0 -6.72959590e-03 0.0 -6.72959590e-03
0.0 -6.70126076e-03 0.0 -6.70126076e-03
0.0 -6.67316323e-03 0.0 -6.67316323e-03
0.0 -6.64530034e-03 0.0 -6.64530034e-03
0.0 -6.61766915e-03 0.0 -6.61766915e-03
0.0 -6.59026679e-03 0.0 -6.59026679e-03
0.0 -6.56309044e-03 0.0 -6.56309044e-03
0.0 -6.53613729e-03 0.0 -6.53613729e-03
0.0 -6.50940463e-03 0.0 -6.50940463e-03
0.0 -6.48288974e-03 0.0 -6.48288974e-03
0.0 -6.45658998e-03 0.0 -6.45658998e-03
0.0 -6.43050275e-03 0.0 -6.43050275e-03
0.0 -6.40462548e-03 0.0 -6.40462548e-03
0.0 -6.37895563e-03 0.0 -6.37895563e-03
0.0 -6.35349074e-03 0.0 -6.35349074e-03
0.0 -6.32822835e-03 0.0 -6.32822835e-03
0.0 -6.30316606e-03 0.0 -6.30316606e-03
0.0 -6.27830150e-03 0.0 -6.27830150e-03
0.0 -6.25363234e-03 0.0 -6.25363234e-03
0.0 -6.22915629e-03 0.0 -6.22915629e-03
0.0 -6.20487108e-03 0.0 -6.20487108e-03
0.0 -6.18077449e-03 0.0 -6.18077449e-03
0.0 -6.15686434e-03 0.0 -6.15686434e-03
0.0 -6.13313846e-03 0.0 -6.13313846e-03
0.0 -6.10959474e-03 0.0 -6.10959474e-03
0.0 -6.08623109e-03 0.0 -6.08623109e-03
0.0 -6.06304545e-03 0.0 -6.06304545e-03
0.0 -6.04003579e-03 0.0 -6.04003579e-03
0.0 -6.01720012e-03 0.0 -6.01720012e-03
0.0 -5.99453646e-03 0.0 -5.99453646e-03
0.0 -5.97204289e-03 0.0 -5.97204289e-03
0.0 -5.94971750e-03 0.0 -5.94971750e-03
0.0 -5.92755840e-03 0.0 -5.92755840e-03
0.0 -5.90556375e-03 0.0 -5.90556375e-03
0.0 -5.88373172e-03 0.0 -5.88373172e-03
0.0 -5.86206052e-03 0.0 -5.86206052e-03
0.0 -5.84054837e-03 0.0 -5.84054837e-03
0.0 -5.81919353e-03 0.0 -5.81919353e-03
0.0 -5.79799428e-03 0.0 -5.79799428e-03
0.0 -5.77694893e-03 0.0 -5.77694893e-03
0.0 -5.75605581e-03 0.0 -5.75605581e-03
0.0 -5.73531326e-03 0.0 -5.73531326e-03
0.0 -5.71471968e-03 0.0 -5.71471968e-03
0.0 -5.69427346e-03 0.0 -5.69427346e-03
0.0 -5.67397302e-03 0.0 -5.67397302e-03
0.0 -5.65381681e-03 0.0 -5.65381681e-03
0.0 -5.63380330e-03 0.0 -5.63380330e-03
0.0 -5.61393097e-03 0.0 -5.61393097e-03
0.0 -5.59419835e-03 0.0 -5.59419835e-03
0.0 -5.57460396e-03 0.0 -5.57460396e-03
0.0 -5.55514636e-03 0.0 -5.55514636e-03
0.0 -5.53582411e-03 0.0 -5.53582411e-03
0.0 -5.51663581e-03 0.0 -5.51663581e-03
0.0 -5.49758007e-03 0.0 -5.49758007e-03
0.0 -5.47865553e-03 0.0 -5.47865553e-03
0.0 -5.45986083e-03 0.0 -5.45986083e-03
0.0 -5.44119464e-03 0.0 -5.44119464e-03
0.0 -5.42265564e-03 0.0 -5.42265564e-03
0.0 -5.40424255e-03 0.0 -5.40424255e-03
0.0 -5.38595408e-03 0.0 -5.38595408e-03
0.0 -5.36778897e-03 0.0 -5.36778897e-03
0.0 -5.34974599e-03 0.0 -5.34974599e-03
0.0 -5.33182389e-03 0.0 -5.33182389e-03
0.0 -5.31402147e-03 0.0 -5.31402147e-03
0.0 -5.29633754e-03 0.0 -5.29633754e-03
0.0 -5.27877092e-03 0.0 -5.27877092e-03
0.0 -5.26132043e-03 0.0 -5.26132043e-03
0.0 -5.24398495e-03 0.0 -5.24398495e-03
0.0 -5.22676332e-03 0.0 -5.22676332e-03
0.0 -5.20965444e-03 0.0 -5.20965444e-03
0.0 -5.19265720e-03 0.0 -5.19265720e-03
0.0 -5.17577051e-03 0.0 -5.17577051e-03
0.0 -5.15899329e-03 0.0 -5.15899329e-03
0.0 -5.14232449e-03 0.0 -5.14232449e-03
0.0 -5.12576306e-03 0.0 -5.12576306e-03
0.0 -5.10930796e-03 0.0 -5.10930796e-03
0.0 -5.09295818e-03 0.0 -5.09295818e-03
0.0 -5.07671270e-03 0.0 -5.07671270e-03
0.0 -5.06057053e-03 0.0 -5.06057053e-03
0.0 -5.04453068e-03 0.0 -5.04453068e-03
0.0 -5.02859220e-03 0.0 -5.02859220e-03
0.0 -5.01275411e-03 0.0 -5.01275411e-03
0.0 -4.99701548e-03 0.0 -4.99701548e-03
0.0 -4.98137537e-03 0.0 -4.98137537e-03
0.0 -4.96583286e-03 0.0 -4.96583286e-03
0.0 -4.95038703e-03 0.0 -4.95038703e-03
0.0 -4.93503700e-03 0.0 -4.93503700e-03
0.0 -4.91978186e-03 0.0 -4.91978186e-03
0.0 -4.90462074e-03 0.0 -4.90462074e-03
0.0 -4.88955278e-03 0.0 -4.88955278e-03
0.0 -4.87457712e-03 0.0 -4.87457712e-03
0.0 -4.85969292e-03 0.0 -4.85969292e-03
0.0 -4.84489933e-03 0.0 -4.84489933e-03
0.0 -4.83019554e-03 0.0 -4.83019554e-03
0.0 -4.81558073e-03 0.0 -4.81558073e-03
0.0 -4.80105409e-03 0.0 -4.80105409e-03
0.0 -4.78661483e-03 0.0 -4.78661483e-03
0.0 -4.77226216e-03 0.0 -4.77226216e-03
0.0 -4.75799531e-03 0.0 -4.75799531e-03
0.0 -4.74381350e-03 0.0 -4.74381350e-03
0.0 -4.72971599e-03 0.0 -4.72971599e-03
0.0 -4.71570202e-03 0.0 -4.71570202e-03
0.0 -4.70177084e-03 0.0 -4.70177084e-03
0.0 -4.68792174e-03 0.0 -4.68792174e-03
0.0 -4.67415398e-03 0.0 -4.67415398e-03
0.0 -4.66046685e-03 0.0 -4.66046685e-03
0.0 -4.64685965e-03 0.0 -4.64685965e-03
0.0 -4.63333168e-03 0.0 -4.63333168e-03
0.0 -4.61988224e-03 0.0 -4.61988224e-03
0.0 -4.60651065e-03 0.0 -4.60651065e-03
0.0 -4.59321625e-03 0.0 -4.59321625e-03
0.0 -4.57999836e-03 0.0 -4.57999836e-03
0.0 -4.56685633e-03 0.0 -4.56685633e-03
0.0 -4.55378950e-03 0.0 -4.55378950e-03
0.0 -4.54079724e-03 0.0 -4.54079724e-03
0.0 -4.52787889e-03 0.0 -4.52787889e-03
0.0 -4.51503385e-03 0.0 -4.51503385e-03
0.0 -4.50226147e-03 0.0 -4.50226147e-03
0.0 -4.48956116e-03 0.0 -4.48956116e-03
0.0 -4.47693230e-03 0.0 -4.47693230e-03
0.0 -4.46437428e-03 0.0 -4.46437428e-03
0.0 -4.45188652e-03 0.0 -4.45188652e-03
0.0 -4.43946843e-03 0.0 -4.43946843e-03
0.0 -4.42711942e-03 0.0 -4.42711942e-03
0.0 -4.41483892e-03 0.0 -4.41483892e-03
0.0 -4.40262636e-03 0.0 -4.40262636e-03
0.0 -4.39048119e-03 0.0 -4.39048119e-03
0.0 -4.37840284e-03 0.0 -4.37840284e-03
0.0 -4.36639076e-03 0.0 -4.36639076e-03
0.0 -4.35444441e-03 0.0 -4.35444441e-03
0.0 -4.34256325e-03 0.0 -4.34256325e-03
0.0 -4.33074675e-03 0.0 -4.33074675e-03
0.0 -4.31899439e-03 0.0 -4.31899439e-03
0.0 -4.30730563e-03 0.0 -4.30730563e-03
0.0 -4.29567998e-03 0.0 -4.29567998e-03
0.0 -4.28411691e-03 0.0 -4.28411691e-03
0.0 -4.27261592e-03 0.0 -4.27261592e-03
0.0 -4.26117652e-03 0.0 -4.26117652e-03
0.0 -4.24979821e-03 0.0 -4.24979821e-03
0.0 -4.23848051e-03 0.0 -4.23848051e-03
0.0 -4.22722292e-03 0.0 -4.22722292e-03
0.0 -4.21602498e-03 0.0 -4.21602498e-03
0.0 -4.20488621e-03 0.0 -4.20488621e-03
0.0 -4.19380614e-03 0.0 -4.19380614e-03
0.0 -4.18278431e-03 0.0 -4.18278431e-03
0.0 -4.17182026e-03 0.0 -4.17182026e-03
0.0 -4.16091354e-03 0.0 -4.16091354e-03
0.0 -4.15006371e-03 0.0 -4.15006371e-03
0.0 -4.13927030e-03 0.0 -4.13927030e-03
0.0 -4.12853289e-03 0.0 -4.12853289e-03
0.0 -4.11785105e-03 0.0 -4.11785105e-03
0.0 -4.10722434e-03 0.0 -4.10722434e-03
0.0 -4.09665233e-03 0.0 -4.09665233e-03
0.0 -4.08613461e-03 0.0 -4.08613461e-03
0.0 -4.07567076e-03 0.0 -4.07567076e-03
0.0 -4.06526036e-03 0.0 -4.06526036e-03
0.0 -4.05490301e-03 0.0 -4.05490301e-03
0.0 -4.04459830e-03 0.0 -4.04459830e-03
0.0 -4.03434583e-03 0.0 -4.03434583e-03
0.0 -4.02414521e-03 0.0 -4.02414521e-03
0.0 -4.01399604e-03 0.0 -4.01399604e-03
0.0 -4.00389794e-03 0.0 -4.00389794e-03
0.0 -3.99385052e-03 0.0 -3.99385052e-03
0.0 -3.98385339e-03 0.0 -3.98385339e-03
0.0 -3.97390619e-03 0.0 -3.97390619e-03
0.0 -3.96400855e-03 0.0 -3.96400855e-03
0.0 -3.95416008e-03 0.0 -3.95416008e-03
0.0 -3.94436042e-03 0.0 -3.94436042e-03
0.0 -3.93460922e-03 0.0 -3.93460922e-03
0.0 -3.92490612e-03 0.0 -3.92490612e-03
0.0 -3.91525075e-03 0.0 -3.91525075e-03
0.0 -3.90564278e-03 0.0 -3.90564278e-03
0.0 -3.89608184e-03 0.0 -3.89608184e-03
0.0 -3.88656760e-03 0.0 -3.88656760e-03
0.0 -3.87709971e-03 0.0 -3.87709971e-03
0.0 -3.86767784e-03 0.0 -3.86767784e-03
0.0 -3.85830165e-03 0.0 -3.85830165e-03
0.0 -3.84897081e-03 0.0 -3.84897081e-03
0.0 -3.83968500e-03 0.0 -3.83968500e-03
0.0 -3.83044388e-03 0.0 -3.83044388e-03
0.0 -3.82124713e-03 0.0 -3.82124713e-03
0.0 -3.81209445e-03 0.0 -3.81209445e-03
0.0 -3.80298550e-03 0.0 -3.80298550e-03
0.0 -3.79391998e-03 0.0 -3.79391998e-03
0.0 -3.78489758e-03 0.0 -3.78489758e-03
0.0 -3.77591799e-03 0.0 -3.77591799e-03
0.0 -3.76698090e-03 0.0 -3.76698090e-03
0.0 -3.75808602e-03 0.0 -3.75808602e-03
0.0 -3.74923305e-03 0.0 -3.74923305e-03
0.0 -3.74042169e-03 0.0 -3.74042169e-03
0.0 -3.73165166e-03 0.0 -3.73165166e-03
0.0 -3.72292265e-03 0.0 -3.72292265e-03
0.0 -3.71423438e-03 0.0 -3.71423438e-03
0.0 -3.70558657e-03 0.0 -3.70558657e-03
0.0 -3.69697893e-03 0.0 -3.69697893e-03
0.0 -3.68841120e-03 0.0 -3.68841120e-03
0.0 -3.67988308e-03 0.0 -3.67988308e-03
0.0 -3.67139430e-03 0.0 -3.67139430e-03
0.0 -3.66294461e-03 0.0 -3.66294461e-03
0.0 -3.65453371e-03 0.0 -3.65453371e-03
0.0 -3.64616135e-03 0.0 -3.64616135e-03
0.0 -3.63782727e-03 0.0 -3.63782727e-03
0.0 -3.62953120e-03 0.0 -3.62953120e-03
0.0 -3.62127288e-03 0.0 -3.62127288e-03
0.0 -3.61305206e-03 0.0 -3.61305206e-03
0.0 -3.60486847e-03 0.0 -3.60486847e-03
0.0 -3.59672188e-03 0.0 -3.59672188e-03
0.0 -3.58861202e-03 0.0 -3.58861202e-03
0.0 -3.58053865e-03 0.0 -3.58053865e-03
0.0 -3.57250153e-03 0.0 -3.57250153e-03
0.0 -3.56450041e-03 0.0 -3.56450041e-03
0.0 -3.55653504e-03 0.0 -3.55653504e-03
0.0 -3.54860520e-03 0.0 -3.54860520e-03
0.0 -3.54071064e-03 0.0 -3.54071064e-03
0.0 -3.53285112e-03 0.0 -3.53285112e-03
0.0 -3.52502643e-03 0.0 -3.52502643e-03
0.0 -3.51723631e-03 0.0 -3.51723631e-03
0.0 -3.50948055e-03 0.0 -3.50948055e-03
0.0 -3.50175892e-03 0.0 -3.50175892e-03
0.0 -3.49407120e-03 0.0 -3.49407120e-03
0.0 -3.48641715e-03 0.0 -3.48641715e-03
0.0 -3.47879657e-03 0.0 -3.47879657e-03
0.0 -3.47120923e-03 0.0 -3.47120923e-03
0.0 -3.46365491e-03 0.0 -3.46365491e-03
0.0 -3.45613340e-03 0.0 -3.45613340e-03
0.0 -3.44864449e-03 0.0 -3.44864449e-03
0.0 -3.44118796e-03 0.0 -3.44118796e-03
0.0 -3.43376361e-03 0.0 -3.43376361e-03
0.0 -3.42637122e-03 0.0 -3.42637122e-03
0.0 -3.41901059e-03 0.0 -3.41901059e-03
0.0 -3.41168152e-03 0.0 -3.41168152e-03
0.0 -3.40438381e-03 0.0 -3.40438381e-03
0.0 -3.39711725e-03 0.0 -3.39711725e-03
0.0 -3.38988164e-03 0.0 -3.38988164e-03
0.0 -3.38267679e-03 0.0 -3.38267679e-03
0.0 -3.37550250e-03 0.0 -3.37550250e-03
0.0 -3.36835858e-03 0.0 -3.36835858e-03
0.0 -3.36124484e-03 0.0 -3.36124484e-03
0.0 -3.35416108e-03 0.0 -3.35416108e-03
0.0 -3.34710711e-03 0.0 -3.34710711e-03
0.0 -3.34008275e-03 0.0 -3.34008275e-03
0.0 -3.33308781e-03 0.0 -3.33308781e-03
0.0 -3.32612211e-03 0.0 -3.32612211e-03
0.0 -3.31918547e-03 0.0 -3.31918547e-03
0.0 -3.31227769e-03 0.0 -3.31227769e-03
0.0 -3.30539861e-03 0.0 -3.30539861e-03
0.0 -3.29854804e-03 0.0 -3.29854804e-03
0.0 -3.29172581e-03 0.0 -3.29172581e-03
0.0 -3.28493175e-03 0.0 -3.28493175e-03
0.0 -3.27816567e-03 0.0 -3.27816567e-03
0.0 -3.27142740e-03 0.0 -3.27142740e-03
0.0 -3.26471678e-03 0.0 -3.26471678e-03
0.0 -3.25803364e-03 0.0 -3.25803364e-03
0.0 -3.25137780e-03 0.0 -3.25137780e-03
0.0 -3.24474909e-03 0.0 -3.24474909e-03
0.0 -3.23814737e-03 0.0 -3.23814737e-03
0.0 -3.23157245e-03 0.0 -3.23157245e-03
0.0 -3.22502418e-03 0.0 -3.22502418e-03
0.0 -3.21850239e-03 0.0 -3.21850239e-03
0.0 -3.21200692e-03 0.0 -3.21200692e-03
0.0 -3.20553763e-03 0.0 -3.20553763e-03
0.0 -3.19909433e-03 0.0 -3.19909433e-03
0.0 -3.19267689e-03 0.0 -3.19267689e-03
0.0 -3.18628515e-03 0.0 -3.18628515e-03
0.0 -3.17991894e-03 0.0 -3.17991894e-03
0.0 -3.17357813e-03 0.0 -3.17357813e-03
0.0 -3.16726255e-03 0.0 -3.16726255e-03
0.0 -3.16097206e-03 0.0 -3.16097206e-03
0.0 -3.15470650e-03 0.0 -3.15470650e-03
0.0 -3.14846574e-03 0.0 -3.14846574e-03
0.0 -3.14224962e-03 0.0 -3.14224962e-03
0.0 -3.13605799e-03 0.0 -3.13605799e-03
0.0 -3.12989072e-03 0.0 -3.12989072e-03
0.0 -3.12374766e-03 0.0 -3.12374766e-03
0.0 -3.11762866e-03 0.0 -3.11762866e-03
0.0 -3.11153359e-03 0.0 -3.11153359e-03
0.0 -3.10546230e-03 0.0 -3.10546230e-03
0.0 -3.09941467e-03 0.0 -3.09941467e-03
0.0 -3.09339054e-03 0.0 -3.09339054e-03
0.0 -3.08738978e-03 0.0 -3.08738978e-03
0.0 -3.08141226e-03 0.0 -3.08141226e-03
0.0 -3.07545784e-03 0.0 -3.07545784e-03
0.0 -3.06952639e-03 0.0 -3.06952639e-03
0.0 -3.06361777e-03 0.0 -3.06361777e-03
0.0 -3.05773186e-03 0.0 -3.05773186e-03
0.0 -3.05186852e-03 0.0 -3.05186852e-03
0.0 -3.04602762e-03 0.0 -3.04602762e-03
0.0 -3.04020904e-03 0.0 -3.04020904e-03
0.0 -3.03441264e-03 0.0 -3.03441264e-03
0.0 -3.02863831e-03 0.0 -3.02863831e-03
0.0 -3.02288591e-03 0.0 -3.02288591e-03
0.0 -3.01715532e-03 0.0 -3.01715532e-03
0.0 -3.01144642e-03 0.0 -3.01144642e-03
0.0 -3.00575908e-03 0.0 -3.00575908e-03
0.0 -3.00009318e-03 0.0 -3.00009318e-03
0.0 -2.99444860e-03 0.0 -2.99444860e-03
0.0 -2.98882522e-03 0.0 -2.98882522e-03
0.0 -2.98322293e-03 0.0 -2.98322293e-03
0.0 -2.97764159e-03 0.0 -2.97764159e-03
0.0 -2.97208110e-03 0.0 -2.97208110e-03
0.0 -2.96654134e-03 0.0 -2.96654134e-03
0.0 -2.96102220e-03 0.0 -2.96102220e-03
0.0 -2.95552355e-03 0.0 -2.95552355e-03
0.0 -2.95004528e-03 0.0 -2.95004528e-03
0.0 -2.94458729e-03 0.0 -2.94458729e-03
0.0 -2.93914946e-03 0.0 -2.93914946e-03
0.0 -2.93373167e-03 0.0 -2.93373167e-03
0.0 -2.92833382e-03 0.0 -2.92833382e-03
0.0 -2.92295580e-03 0.0 -2.92295580e-03
0.0 -2.91759749e-03 0.0 -2.91759749e-03
0.0 -2.91225879e-03 0.0 -2.91225879e-03
0.0 -2.90693960e-03 0.0 -2.90693960e-03
0.0 -2.90163980e-03 0.0 -2.90163980e-03
0.0 -2.89635929e-03 0.0 -2.89635929e-03
0.0 -2.89109797e-03 0.0 -2.89109797e-03
0.0 -2.88585572e-03 0.0 -2.88585572e-03
0.0 -2.88063245e-03 0.0 -2.88063245e-03
0.0 -2.87542806e-03 0.0 -2.87542806e-03
0.0 -2.87024244e-03 0.0 -2.87024244e-03
0.0 -2.86507548e-03 0.0 -2.86507548e-03
0.0 -2.85992710e-03 0.0 -2.85992710e-03
0.0 -2.85479719e-03 0.0 -2.85479719e-03
0.0 -2.84968564e-03 0.0 -2.84968564e-03
0.0 -2.84459237e-03 0.0 -2.84459237e-03
0.0 -2.83951727e-03 0.0 -2.83951727e-03
0.0 -2.83446025e-03 0.0 -2.83446025e-03
0.0 -2.82942121e-03 0.0 -2.82942121e-03
0.0 -2.82440005e-03 0.0 -2.82440005e-03
0.0 -2.81939669e-03 0.0 -2.81939669e-03
0.0 -2.81441102e-03 0.0 -2.81441102e-03
0.0 -2.80944295e-03 0.0 -2.80944295e-03
0.0 -2.80449239e-03 0.0 -2.80449239e-03
0.0 -2.79955925e-03 0.0 -2.79955925e-03
0.0 -2.79464343e-03 0.0 -2.79464343e-03
0.0 -2.78974484e-03 0.0 -2.78974484e-03
0.0 -2.78486340e-03 0.0 -2.78486340e-03
0.0 -2.77999901e-03 0.0 -2.77999901e-03
0.0 -2.77515158e-03 0.0 -2.77515158e-03
0.0 -2.77032103e-03 0.0 -2.77032103e-03
0.0 -2.76550726e-03 0.0 -2.76550726e-03
0.0 -2.76071020e-03 0.0 -2.76071020e-03
0.0 -2.75592975e-03 0.0 -2.75592975e-03
0.0 -2.75116583e-03 0.0 -2.75116583e-03
0.0 -2.74641834e-03 0.0 -2.74641834e-03
0.0 -2.74168722e-03 0.0 -2.74168722e-03
0.0 -2.73697237e-03 0.0 -2.73697237e-03
0.0 -2.73227370e-03 0.0 -2.73227370e-03
0.0 -2.72759114e-03 0.0 -2.72759114e-03
0.0 -2.72292460e-03 0.0 -2.72292460e-03
0.0 -2.71827401e-03 0.0 -2.71827401e-03
0.0 -2.71363927e-03 0.0 -2.71363927e-03
0.0 -2.70902031e-03 0.0 -2.70902031e-03
0.0 -2.70441704e-03 0.0 -2.70441704e-03
0.0 -2.69982940e-03 0.0 -2.69982940e-03
0.0 -2.69525729e-03 0.0 -2.69525729e-03
0.0 -2.69070064e-03 0.0 -2.69070064e-03
0.0 -2.68615938e-03 0.0 -2.68615938e-03
0.0 -2.68163341e-03 0.0 -2.68163341e-03
0.0 -2.67712268e-03 0.0 -2.67712268e-03
0.0 -2.67262709e-03 0.0 -2.67262709e-03
0.0 -2.66814657e-03 0.0 -2.66814657e-03
0.0 -2.66368106e-03 0.0 -2.66368106e-03
0.0 -2.65923046e-03 0.0 -2.65923046e-03
0.0 -2.65479471e-03 0.0 -2.65479471e-03
0.0 -2.65037374e-03 0.0 -2.65037374e-03
0.0 -2.64596747e-03 0.0 -2.64596747e-03
0.0 -2.64157582e-03 0.0 -2.64157582e-03
0.0 -2.63719873e-03 0.0 -2.63719873e-03
0.0 -2.63283611e-03 0.0 -2.63283611e-03
0.0 -2.62848791e-03 0.0 -2.62848791e-03
0.0 -2.62415405e-03 0.0 -2.62415405e-03
0.0 -2.61983445e-03 0.0 -2.61983445e-03
0.0 -2.61552906e-03 0.0 -2.61552906e-03
0.0 -2.61123779e-03 0.0 -2.61123779e-03
0.0 -2.60696057e-03 0.0 -2.60696057e-03
0.0 -2.60269735e-03 0.0 -2.60269735e-03
0.0 -2.59844805e-03 0.0 -2.59844805e-03
0.0 -2.59421260e-03 0.0 -2.59421260e-03
0.0 -2.58999094e-03 0.0 -2.58999094e-03
0.0 -2.58578299e-03 0.0 -2.58578299e-03
0.0 -2.58158870e-03 0.0 -2.58158870e-03
0.0 -2.57740799e-03 0.0 -2.57740799e-03
0.0 -2.57324079e-03 0.0 -2.57324079e-03
0.0 -2.56908706e-03 0.0 -2.56908706e-03
0.0 -2.56494671e-03 0.0 -2.56494671e-03
0.0 -2.56081968e-03 0.0 -2.56081968e-03
0.0 -2.55670591e-03 0.0 -2.55670591e-03
0.0 -2.55260534e-03 0.0 -2.55260534e-03
0.0 -2.54851790e-03 0.0 -2.54851790e-03
0.0 -2.54444353e-03 0.0 -2.54444353e-03
0.0 -2.54038217e-03 0.0 -2.54038217e-03
0.0 -2.53633375e-03 0.0 -2.53633375e-03
0.0 -2.53229822e-03 0.0 -2.53229822e-03
0.0 -2.52827551e-03 0.0 -2.52827551e-03
0.0 -2.52426555e-03 0.0 -2.52426555e-03
0.0 -2.52026830e-03 0.0 -2.52026830e-03
0.0 -2.51628369e-03 0.0 -2.51628369e-03
0.0 -2.51231165e-03 0.0 -2.51231165e-03
0.0 -2.50835214e-03 0.0 -2.50835214e-03
0.0 -2.50440508e-03 0.0 -2.50440508e-03
0.0 -2.50047043e-03 0.0 -2.50047043e-03
0.0 -2.49654813e-03 0.0 -2.49654813e-03
0.0 -2.49263811e-03 0.0 -2.49263811e-03
0.0 -2.48874031e-03 0.0 -2.48874031e-03
0.0 -2.48485469e-03 0.0 -2.48485469e-03
0.0 -2.48098119e-03 0.0 -2.48098119e-03
0.0 -2.47711974e-03 0.0 -2.47711974e-03
0.0 -2.47327029e-03 0.0 -2.47327029e-03
0.0 -2.46943279e-03 0.0 -2.46943279e-03
0.0 -2.46560717e-03 0.0 -2.46560717e-03
0.0 -2.46179340e-03 0.0 -2.46179340e-03
0.0 -2.45799140e-03 0.0 -2.45799140e-03
0.0 -2.45420113e-03 0.0 -2.45420113e-03
0.0 -2.45042253e-03 0.0 -2.45042253e-03
0.0 -2.44665554e-03 0.0 -2.44665554e-03
0.0 -2.44290012e-03 0.0 -2.44290012e-03
0.0 -2.43915622e-03 0.0 -2.43915622e-03
0.0 -2.43542377e-03 0.0 -2.43542377e-03
0.0 -2.43170272e-03 0.0 -2.43170272e-03
0.0 -2.42799303e-03 0.0 -2.42799303e-03
0.0 -2.42429464e-03 0.0 -2.42429464e-03
0.0 -2.42060750e-03 0.0 -2.42060750e-03
0.0 -2.41693156e-03 0.0 -2.41693156e-03
0.0 -2.41326676e-03 0.0 -2.41326676e-03
0.0 -2.40961307e-03 0.0 -2.40961307e-03
0.0 -2.40597042e-03 0.0 -2.40597042e-03
0.0 -2.40233876e-03 0.0 -2.40233876e-03
0.0 -2.39871806e-03 0.0 -2.39871806e-03
0.0 -2.39510825e-03 0.0 -2.39510825e-03
0.0 -2.39150929e-03 0.0 -2.39150929e-03
0.0 -2.38792113e-03 0.0 -2.38792113e-03
0.0 -2.38434372e-03 0.0 -2.38434372e-03
0.0 -2.38077701e-03 0.0 -2.38077701e-03
0.0 -2.37722096e-03 0.0 -2.37722096e-03
0.0 -2.37367551e-03 0.0 -2.37367551e-03
0.0 -2.37014063e-03 0.0 -2.37014063e-03
0.0 -2.36661625e-03 0.0 -2.36661625e-03
0.0 -2.36310235e-03 0.0 -2.36310235e-03
0.0 -2.35959886e-03 0.0 -2.35959886e-03
0.0 -2.35610575e-03 0.0 -2.35610575e-03
0.0 -2.35262296e-03 0.0 -2.35262296e-03
0.0 -2.34915045e-03 0.0 -2.34915045e-03
0.0 -2.34568818e-03 0.0 -2.34568818e-03
0.0 -2.34223610e-03 0.0 -2.34223610e-03
0.0 -2.33879417e-03 0.0 -2.33879417e-03
0.0 -2.33536233e-03 0.0 -2.33536233e-03
0.0 -2.33194056e-03 0.0 -2.33194056e-03
0.0 -2.32852879e-03 0.0 -2.32852879e-03
0.0 -2.32512700e-03 0.0 -2.32512700e-03
0.0 -2.32173513e-03 0.0 -2.32173513e-03
0.0 -2.31835314e-03 0.0 -2.31835314e-03
0.0 -2.31498099e-03 0.0 -2.31498099e-03
0.0 -2.31161864e-03 0.0 -2.31161864e-03
0.0 -2.30826603e-03 0.0 -2.30826603e-03
0.0 -2.30492314e-03 0.0 -2.30492314e-03
0.0 -2.30158992e-03 0.0 -2.30158992e-03
0.0 -2.29826633e-03 0.0 -2.29826633e-03
0.0 -2.29495232e-03 0.0 -2.29495232e-03
0.0 -2.29164785e-03 0.0 -2.29164785e-03
0.0 -2.28835288e-03 0.0 -2.28835288e-03
0.0 -2.28506738e-03 0.0 -2.28506738e-03
0.0 -2.28179130e-03 0.0 -2.28179130e-03
0.0 -2.27852460e-03 0.0 -2.27852460e-03
0.0 -2.27526724e-03 0.0 -2.27526724e-03
0.0 -2.27201917e-03 0.0 -2.27201917e-03
0.0 -2.26878037e-03 0.0 -2.26878037e-03
0.0 -2.26555079e-03 0.0 -2.26555079e-03
0.0 -2.26233039e-03 0.0 -2.26233039e-03
0.0 -2.25911914e-03 0.0 -2.25911914e-03
0.0 -2.25591698e-03 0.0 -2.25591698e-03
0.0 -2.25272389e-03 0.0 -2.25272389e-03
0.0 -2.24953983e-03 0.0 -2.24953983e-03
0.0 -2.24636476e-03 0.0 -2.24636476e-03
0.0 -2.24319863e-03 0.0 -2.24319863e-03
0.0 -2.24004142e-03 0.0 -2.24004142e-03
0.0 -2.23689309e-03 0.0 -2.23689309e-03
0.0 -2.23375359e-03 0.0 -2.23375359e-03
0.0 -2.23062289e-03 0.0 -2.23062289e-03
0.0 -2.22750095e-03 0.0 -2.22750095e-03
0.0 -2.22438774e-03 0.0 -2.22438774e-03
0.0 -2.22128323e-03 0.0 -2.22128323e-03
0.0 -2.21818736e-03 0.0 -2.21818736e-03
0.0 -2.21510011e-03 0.0 -2.21510011e-03
0.0 -2.21202145e-03 0.0 -2.21202145e-03
0.0 -2.20895133e-03 0.0 -2.20895133e-03
0.0 -2.20588972e-03 0.0 -2.20588972e-03
0.0 -2.20283658e-03 0.0 -2.20283658e-03
0.0 -2.19979189e-03 0.0 -2.19979189e-03
0.0 -2.19675560e-03 0.0 -2.19675560e-03
0.0 -2.19372768e-03 0.0 -2.19372768e-03
0.0 -2.19070809e-03 0.0 -2.19070809e-03
0.0 -2.18769681e-03 0.0 -2.18769681e-03
0.0 -2.18469380e-03 0.0 -2.18469380e-03
0.0 -2.18169901e-03 0.0 -2.18169901e-03
0.0 -2.17871243e-03 0.0 -2.17871243e-03
0.0 -2.17573401e-03 0.0 -2.17573401e-03
0.0 -2.17276373e-03 0.0 -2.17276373e-03
0.0 -2.16980154e-03 0.0 -2.16980154e-03
0.0 -2.16684742e-03 0.0 -2.16684742e-03
0.0 -2.16390133e-03 0.0 -2.16390133e-03
0.0 -2.16096325e-03 0.0 -2.16096325e-03
0.0 -2.15803313e-03 0.0 -2.15803313e-03
0.0 -2.15511094e-03 0.0 -2.15511094e-03
0.0 -2.15219666e-03 0.0 -2.15219666e-03
0.0 -2.14929025e-03 0.0 -2.14929025e-03
0.0 -2.14639168e-03 0.0 -2.14639168e-03
0.0 -2.14350092e-03 0.0 -2.14350092e-03
0.0 -2.14061793e-03 0.0 -2.14061793e-03
0.0 -2.13774269e-03 0.0 -2.13774269e-03
0.0 -2.13487516e-03 0.0 -2.13487516e-03
0.0 -2.13201531e-03 0.0 -2.13201531e-03
0.0 -2.12916312e-03 0.0 -2.12916312e-03
0.0 -2.12631854e-03 0.0 -2.12631854e-03
0.0 -2.12348156e-03 0.0 -2.12348156e-03
0.0 -2.12065214e-03 0.0 -2.12065214e-03
0.0 -2.11783025e-03 0.0 -2.11783025e-03
0.0 -2.11501586e-03 0.0 -2.11501586e-03
0.0 -2.11220893e-03 0.0 -2.11220893e-03
0.0 -2.10940945e-03 0.0 -2.10940945e-03
0.0 -2.10661738e-03 0.0 -2.10661738e-03
0.0 -2.10383269e-03 0.0 -2.10383269e-03
0.0 -2.10105535e-03 0.0 -2.10105535e-03
0.0 -2.09828534e-03 0.0 -2.09828534e-03
0.0 -2.09552262e-03 0.0 -2.09552262e-03
0.0 -2.09276717e-03 0.0 -2.09276717e-03
0.0 -2.09001895e-03 0.0 -2.09001895e-03
0.0 -2.08727794e-03 0.0 -2.08727794e-03
0.0 -2.08454411e-03 0.0 -2.08454411e-03
0.0 -2.08181744e-03 0.0 -2.08181744e-03
0.0 -2.07909788e-03 0.0 -2.07909788e-03
0.0 -2.07638543e-03 0.0 -2.07638543e-03
0.0 -2.07368004e-03 0.0 -2.07368004e-03
0.0 -2.07098169e-03 0.0 -2.07098169e-03
0.0 -2.06829036e-03 0.0 -2.06829036e-03
0.0 -2.06560601e-03 0.0 -2.06560601e-03
0.0 -2.06292862e-03 0.0 -2.06292862e-03
0.0 -2.06025816e-03 0.0 -2.06025816e-03
0.0 -2.05759461e-03 0.0 -2.05759461e-03
0.0 -2.05493794e-03 0.0 -2.05493794e-03
0.0 -2.05228811e-03 0.0 -2.05228811e-03
0.0 -2.04964511e-03 0.0 -2.04964511e-03
0.0 -2.04700891e-03 0.0 -2.04700891e-03
0.0 -2.04437949e-03 0.0 -2.04437949e-03
0.0 -2.04175681e-03 0.0 -2.04175681e-03
0.0 -2.03914085e-03 0.0 -2.03914085e-03
0.0 -2.03653158e-03 0.0 -2.03653158e-03
0.0 -2.03392899e-03 0.0 -2.03392899e-03
0.0 -2.03133303e-03 0.0 -2.03133303e-03
0.0 -2.02874370e-03 0.0 -2.02874370e-03
0.0 -2.02616096e-03 0.0 -2.02616096e-03
0.0 -2.02358478e-03 0.0 -2.02358478e-03
0.0 -2.02101515e-03 0.0 -2.02101515e-03
0.0 -2.01845204e-03 0.0 -2.01845204e-03
0.0 -2.01589542e-03 0.0 -2.01589542e-03
0.0 -2.01334526e-03 0.0 -2.01334526e-03
0.0 -2.01080156e-03 0.0 -2.01080156e-03
0.0 -2.00826427e-03 0.0 -2.00826427e-03
0.0 -2.00573337e-03 0.0 -2.00573337e-03
0.0 -2.00320885e-03 0.0 -2.00320885e-03
0.0 -2.00069067e-03 0.0 -2.00069067e-03
0.0 -1.99817882e-03 0.0 -1.99817882e-03
0.0 -1.99567327e-03 0.0 -1.99567327e-03
0.0 -1.99317399e-03 0.0 -1.99317399e-03
0.0 -1.99068096e-03 0.0 -1.99068096e-03
0.0 -1.98819417e-03 0.0 -1.98819417e-03
0.0 -1.98571358e-03 0.0 -1.98571358e-03
0.0 -1.98323917e-03 0.0 -1.98323917e-03
0.0 -1.98077092e-03 0.0 -1.98077092e-03
0.0 -1.97830880e-03 0.0 -1.97830880e-03
0.0 -1.97585280e-03 0.0 -1.97585280e-03
0.0 -1.97340289e-03 0.0 -1.97340289e-03
0.0 -1.97095905e-03 0.0 -1.97095905e-03
0.0 -1.96852125e-03 0.0 -1.96852125e-03
0.0 -1.96608948e-03 0.0 -1.96608948e-03
0.0 -1.96366370e-03 0.0 -1.96366370e-03
0.0 -1.96124391e-03 0.0 -1.96124391e-03
0.0 -1.95883007e-03 0.0 -1.95883007e-03
0.0 -1.95642216e-03 0.0 -1.95642216e-03
0.0 -1.95402017e-03 0.0 -1.95402017e-03
0.0 -1.95162407e-03 0.0 -1.95162407e-03
0.0 -1.94923384e-03 0.0 -1.94923384e-03
0.0 -1.94684946e-03 0.0 -1.94684946e-03
0.0 -1.94447090e-03 0.0 -1.94447090e-03
0.0 -1.94209815e-03 0.0 -1.94209815e-03
0.0 -1.93973118e-03 0.0 -1.93973118e-03
0.0 -1.93736997e-03 0.0 -1.93736997e-03
0.0 -1.93501451e-03 0.0 -1.93501451e-03
0.0 -1.93266476e-03 0.0 -1.93266476e-03
0.0 -1.93032072e-03 0.0 -1.93032072e-03
0.0 -1.92798235e-03 0.0 -1.92798235e-03
0.0 -1.92564964e-03 0.0 -1.92564964e-03
0.0 -1.92332258e-03 0.0 -1.92332258e-03
0.0 -1.92100112e-03 0.0 -1.92100112e-03
0.0 -1.91868527e-03 0.0 -1.91868527e-03
0.0 -1.91637499e-03 0.0 -1.91637499e-03
0.0 -1.91407027e-03 0.0 -1.91407027e-03
0.0 -1.91177109e-03 0.0 -1.91177109e-03
0.0 -1.90947742e-03 0.0 -1.90947742e-03
0.0 -1.90718925e-03 0.0 -1.90718925e-03
0.0 -1.90490656e-03 0.0 -1.90490656e-03
0.0 -1.90262933e-03 0.0 -1.90262933e-03
0.0 -1.90035753e-03 0.0 -1.90035753e-03
0.0 -1.89809115e-03 0.0 -1.89809115e-03
0.0 -1.89583017e-03 0.0 -1.89583017e-03
0.0 -1.89357458e-03 0.0 -1.89357458e-03
0.0 -1.89132434e-03 0.0 -1.89132434e-03
0.0 -1.88907944e-03 0.0 -1.88907944e-03
0.0 -1.88683987e-03 0.0 -1.88683987e-03
0.0 -1.88460560e-03 0.0 -1.88460560e-03
0.0 -1.88237662e-03 0.0 -1.88237662e-03
0.0 -1.88015290e-03 0.0 -1.88015290e-03
0.0 -1.87793443e-03 0.0 -1.87793443e-03
0.0 -1.87572119e-03 0.0 -1.87572119e-03
0.0 -1.87351316e-03 0.0 -1.87351316e-03
0.0 -1.87131032e-03 0.0 -1.87131032e-03
0.0 -1.86911266e-03 0.0 -1.86911266e-03
0.0 -1.86692015e-03 0.0 -1.86692015e-03
0.0 -1.86473278e-03 0.0 -1.86473278e-03
0.0 -1.86255053e-03 0.0 -1.86255053e-03
0.0 -1.86037339e-03 0.0 -1.86037339e-03
0.0 -1.85820132e-03 0.0 -1.85820132e-03
0.0 -1.85603432e-03 0.0 -1.85603432e-03
0.0 -1.85387237e-03 0.0 -1.85387237e-03
0.0 -1.85171545e-03 0.0 -1.85171545e-03
0.0 -1.84956355e-03 0.0 -1.84956355e-03
0.0 -1.84741663e-03 0.0 -1.84741663e-03
0.0 -1.84527470e-03 0.0 -1.84527470e-03
0.0 -1.84313773e-03 0.0 -1.84313773e-03
0.0 -1.84100570e-03 0.0 -1.84100570e-03
0.0 -1.83887860e-03 0.0 -1.83887860e-03
0.0 -1.83675641e-03 0.0 -1.83675641e-03
0.0 -1.83463911e-03 0.0 -1.83463911e-03
0.0 -1.83252669e-03 0.0 -1.83252669e-03
0.0 -1.83041913e-03 0.0 -1.83041913e-03
0.0 -1.82831641e-03 0.0 -1.82831641e-03
0.0 -1.82621851e-03 0.0 -1.82621851e-03
0.0 -1.82412542e-03 0.0 -1.82412542e-03
0.0 -1.82203713e-03 0.0 -1.82203713e-03
0.0 -1.81995361e-03 0.0 -1.81995361e-03
0.0 -1.81787485e-03 0.0 -1.81787485e-03
0.0 -1.81580083e-03 0.0 -1.81580083e-03
0.0 -1.81373155e-03 0.0 -1.81373155e-03
0.0 -1.81166697e-03 0.0 -1.81166697e-03
0.0 -1.80960708e-03 0.0 -1.80960708e-03
0.0 -1.80755188e-03 0.0 -1.80755188e-03
0.0 -1.80550134e-03 0.0 -1.80550134e-03
0.0 -1.80345545e-03 0.0 -1.80345545e-03
0.0 -1.80141418e-03 0.0 -1.80141418e-03
0.0 -1.79937754e-03 0.0 -1.79937754e-03
0.0 -1.79734549e-03 0.0 -1.79734549e-03
0.0 -1.79531803e-03 0.0 -1.79531803e-03
0.0 -1.79329513e-03 0.0 -1.79329513e-03
0.0 -1.79127679e-03 0.0 -1.79127679e-03
0.0 -1.78926299e-03 0.0 -1.78926299e-03
0.0 -1.78725371e-03 0.0 -1.78725371e-03
0.0 -1.78524894e-03 0.0 -1.78524894e-03
0.0 -1.78324866e-03 0.0 -1.78324866e-03
0.0 -1.78125286e-03 0.0 -1.78125286e-03
0.0 -1.77926152e-03 0.0 -1.77926152e-03
0.0 -1.77727463e-03 0.0 -1.77727463e-03
0.0 -1.77529217e-03 0.0 -1.77529217e-03
0.0 -1.77331413e-03 0.0 -1.77331413e-03
0.0 -1.77134049e-03 0.0 -1.77134049e-03
0.0 -1.76937124e-03 0.0 -1.76937124e-03
0.0 -1.76740636e-03 0.0 -1.76740636e-03
0.0 -1.76544585e-03 0.0 -1.76544585e-03
0.0 -1.76348967e-03 0.0 -1.76348967e-03
0.0 -1.76153783e-03 0.0 -1.76153783e-03
0.0 -1.75959031e-03 0.0 -1.75959031e-03
0.0 -1.75764708e-03 0.0 -1.75764708e-03
0.0 -1.75570814e-03 0.0 -1.75570814e-03
0.0 -1.75377348e-03 0.0 -1.75377348e-03
0.0 -1.75184307e-03 0.0 -1.75184307e-03
0.0 -1.74991691e-03 0.0 -1.74991691e-03
0.0 -1.74799498e-03 0.0 -1.74799498e-03
0.0 -1.74607727e-03 0.0 -1.74607727e-03
0.0 -1.74416376e-03 0.0 -1.74416376e-03
0.0 -1.74225444e-03 0.0 -1.74225444e-03
0.0 -1.74034930e-03 0.0 -1.74034930e-03
0.0 -1.73844831e-03 0.0 -1.73844831e-03
0.0 -1.73655148e-03 0.0 -1.73655148e-03
0.0 -1.73465878e-03 0.0 -1.73465878e-03
0.0 -1.73277020e-03 0.0 -1.73277020e-03
0.0 -1.73088573e-03 0.0 -1.73088573e-03
0.0 -1.72900536e-03 0.0 -1.72900536e-03
0.0 -1.72712906e-03 0.0 -1.72712906e-03
0.0 -1.72525684e-03 0.0 -1.72525684e-03
0.0 -1.72338866e-03 0.0 -1.72338866e-03
0.0 -1.72152453e-03 0.0 -1.72152453e-03
0.0 -1.71966443e-03 0.0 -1.71966443e-03
0.0 -1.71780834e-03 0.0 -1.71780834e-03
0.0 -1.71595626e-03 0.0 -1.71595626e-03
0.0 -1.71410816e-03 0.0 -1.71410816e-03
0.0 -1.71226405e-03 0.0 -1.71226405e-03
0.0 -1.71042389e-03 0.0 -1.71042389e-03
0.0 -1.70858769e-03 0.0 -1.70858769e-03
0.0 -1.70675542e-03 0.0 -1.70675542e-03
0.0 -1.70492708e-03 0.0 -1.70492708e-03
0.0 -1.70310265e-03 0.0 -1.70310265e-03
0.0 -1.70128213e-03 0.0 -1.70128213e-03
0.0 -1.69946549e-03 0.0 -1.69946549e-03
0.0 -1.69765273e-03 0.0 -1.69765273e-03
0.0 -1.69584383e-03 0.0 -1.69584383e-03
0.0 -1.69403878e-03 0.0 -1.69403878e-03
0.0 -1.69223757e-03 0.0 -1.69223757e-03
0.0 -1.69044018e-03 0.0 -1.69044018e-03
0.0 -1.68864661e-03 0.0 -1.68864661e-03
0.0 -1.68685684e-03 0.0 -1.68685684e-03
0.0 -1.68507086e-03 0.0 -1.68507086e-03
0.0 -1.68328866e-03 0.0 -1.68328866e-03
0.0 -1.68151023e-03 0.0 -1.68151023e-03
0.0 -1.67973555e-03 0.0 -1.67973555e-03
0.0 -1.67796461e-03 0.0 -1.67796461e-03
0.0 -1.67619740e-03 0.0 -1.67619740e-03
0.0 -1.67443391e-03 0.0 -1.67443391e-03
0.0 -1.67267413e-03 0.0 -1.67267413e-03
0.0 -1.67091804e-03 0.0 -1.67091804e-03
0.0 -1.66916563e-03 0.0 -1.66916563e-03
0.0 -1.66741690e-03 0.0 -1.66741690e-03
0.0 -1.66567183e-03 0.0 -1.66567183e-03
0.0 -1.66393040e-03 0.0 -1.66393040e-03
0.0 -1.66219262e-03 0.0 -1.66219262e-03
0.0 -1.66045846e-03 0.0 -1.66045846e-03
0.0 -1.65872791e-03 0.0 -1.65872791e-03
0.0 -1.65700097e-03 0.0 -1.65700097e-03
0.0 -1.65527762e-03 0.0 -1.65527762e-03
0.0 -1.65355785e-03 0.0 -1.65355785e-03
0.0 -1.65184165e-03 0.0 -1.65184165e-03
0.0 -1.65012901e-03 0.0 -1.65012901e-03
0.0 -1.64841992e-03 0.0 -1.64841992e-03
0.0 -1.64671436e-03 0.0 -1.64671436e-03
0.0 -1.64501233e-03 0.0 -1.64501233e-03
0.0 -1.64331382e-03 0.0 -1.64331382e-03
0.0 -1.64161880e-03 0.0 -1.64161880e-03
0.0 -1.63992729e-03 0.0 -1.63992729e-03
0.0 -1.63823925e-03 0.0 -1.63823925e-03
0.0 -1.63655468e-03 0.0 -1.63655468e-03
0.0 -1.63487358e-03 0.0 -1.63487358e-03
0.0 -1.63319593e-03 0.0 -1.63319593e-03
0.0 -1.63152171e-03 0.0 -1.63152171e-03
0.0 -1.62985093e-03 0.0 -1.62985093e-03
0.0 -1.62818356e-03 0.0 -1.62818356e-03
0.0 -1.62651960e-03 0.0 -1.62651960e-03
0.0 -1.62485904e-03 0.0 -1.62485904e-03
0.0 -1.62320187e-03 0.0 -1.62320187e-03
0.0 -1.62154807e-03 0.0 -1.62154807e-03
0.0 -1.61989764e-03 0.0 -1.61989764e-03
0.0 -1.61825057e-03 0.0 -1.61825057e-03
0.0 -1.61660684e-03 0.0 -1.61660684e-03
0.0 -1.61496644e-03 0.0 -1.61496644e-03
0.0 -1.61332938e-03 0.0 -1.61332938e-03
0.0 -1.61169563e-03 0.0 -1.61169563e-03
0.0 -1.61006518e-03 0.0 -1.61006518e-03
0.0 -1.60843803e-03 0.0 -1.60843803e-03
0.0 -1.60681417e-03 0.0 -1.60681417e-03
0.0 -1.60519358e-03 0.0 -1.60519358e-03
0.0 -1.60357625e-03 0.0 -1.60357625e-03
0.0 -1.60196219e-03 0.0 -1.60196219e-03
0.0 -1.60035136e-03 0.0 -1.60035136e-03
0.0 -1.59874378e-03 0.0 -1.59874378e-03
0.0 -1.59713942e-03 0.0 -1.59713942e-03
0.0 -1.59553828e-03 0.0 -1.59553828e-03
0.0 -1.59394034e-03 0.0 -1.59394034e-03
0.0 -1.59234560e-03 0.0 -1.59234560e-03
0.0 -1.59075405e-03 0.0 -1.59075405e-03
0.0 -1.58916568e-03 0.0 -1.58916568e-03
0.0 -1.58758048e-03 0.0 -1.58758048e-03
0.0 -1.58599844e-03 0.0 -1.58599844e-03
0.0 -1.58441954e-03 0.0 -1.58441954e-03
0.0 -1.58284379e-03 0.0 -1.58284379e-03
0.0 -1.58127117e-03 0.0 -1.58127117e-03
0.0 -1.57970167e-03 0.0 -1.57970167e-03
0.0 -1.57813528e-03 0.0 -1.57813528e-03
0.0 -1.57657200e-03 0.0 -1.57657200e-03
0.0 -1.57501181e-03 0.0 -1.57501181e-03
0.0 -1.57345470e-03 0.0 -1.57345470e-03
0.0 -1.57190067e-03 0.0 -1.57190067e-03
0.0 -1.57034971e-03 0.0 -1.57034971e-03
0.0 -1.56880180e-03 0.0 -1.56880180e-03
0.0 -1.56725695e-03 0.0 -1.56725695e-03
0.0 -1.56571513e-03 0.0 -1.56571513e-03
0.0 -1.56417634e-03 0.0 -1.56417634e-03
0.0 -1.56264058e-03 0.0 -1.56264058e-03
0.0 -1.56110783e-03 0.0 -1.56110783e-03
0.0 -1.55957808e-03 0.0 -1.55957808e-03
0.0 -1.55805133e-03 0.0 -1.55805133e-03
0.0 -1.55652756e-03 0.0 -1.55652756e-03
0.0 -1.55500677e-03 0.0 -1.55500677e-03
